source,target,size
791,942,480771
221,27,3359
374,430,1721803
326,25,119211
4,410,31836
467,860,128864
832,156,3469056
934,27,366127
895,546,5360
829,364,16785
217,25,3202364
339,302,160
14,780,1004740
20,378,15010135
905,25,105334
252,450,18656
22,1020,0
1,381,499452
349,83,8696936
942,771,33559
20,803,1044
22,790,20651
324,524,15562
911,1058,21920
381,861,511103
445,903,13833
482,982,10745
356,381,9815629
942,616,191332
895,788,4528
20,68,0
4,708,0
20,603,0
642,450,19993464
20,380,0
43,757,33788269
788,423,223698
182,14,94076
4,507,5804
22,85,6997
78,8,523783
20,559,534971
905,8,68403
381,410,4960
339,898,21
535,593,9929
918,524,27535
4,100,1067
40,601,690
40,1074,9537
20,411,4092
445,9,4800953
26,664,19541
40,823,19332
20,927,99054
1033,36,18621
4,136,27272
21,28,26330
339,235,40
849,750,22755
22,809,0
275,27,84251
524,1058,10717
228,675,438362
31,417,0
416,510,6038
13,581,3218680
43,717,408396983
297,1060,0
22,628,2966
251,9,393679
524,364,0
304,1060,0
423,454,34939
324,643,11857
22,960,6721
13,299,933125
339,931,0
750,806,11350
339,736,80
535,1071,17317
462,361,217327
20,961,1415
339,85,120
942,213,141694
339,229,0
22,600,209083
13,382,8301926
372,24,521598
670,9,2200729
112,9,13749754
124,540,681
942,836,4801
670,25,126412
43,608,4617107
869,16,7743936
746,942,46980
1003,34,167728
13,66,174380
1010,489,56986
339,102,0
454,643,0
13,425,1273449
942,675,5247598
381,1079,0
13,178,160434
533,9,892629
4,789,3165
4,784,700
791,591,22251
874,24,0
182,328,1210
934,279,16861
13,789,691790
20,213,3540
505,27,130251
40,961,48309
40,777,42686
20,34,0
613,8,68210
13,447,1013597
819,495,310043
339,942,815
13,599,46687
574,416,0
280,156,4893140
118,27,1884038
535,926,47517
583,16,10956740
393,217,11132
462,28,62481
339,1031,21
306,27,4407
31,866,2392
18,533,0
22,594,33390
277,272,0
182,238,0
19,25,372995
942,2,1229891429
40,368,560
22,318,51258
13,627,89066
1003,756,4493914
5,1091,0
22,1056,23456
18,28,1327761
359,524,460430
13,436,99218
22,638,15182
942,756,37248
315,1076,412143
643,582,60028
926,582,23585
22,953,0
163,156,55357231
445,514,0
20,942,1172257
381,338,30582
22,450,0
40,827,4704
934,254,52882
280,135,105936
83,688,0
926,806,5448
22,440,0
942,224,242106
942,77,69394
212,156,31640
40,336,71997
339,528,0
339,384,120
467,1082,4865
832,751,20410
942,961,214317
4,807,1049
817,63,621
416,829,3229
22,810,76684
22,715,7038
454,147,15805
20,110,58266194
442,540,681
13,222,546769
4,190,4089
20,812,1994
968,57,21203
372,34,609264
535,654,0
737,25,76980
124,788,22512
15,156,771557
942,72,4688
20,440,0
356,32,2989144
942,815,27789
13,152,40075
632,25,299606
533,42,872997
20,963,195774
118,14,12986917
968,527,0
324,359,1108903
241,156,6607287
275,872,0
300,31,0
22,202,27339
13,641,62459
604,535,1251
1049,440,58554
415,736,1667646
22,843,14039
767,28,581001
315,374,0
4,1007,2868
11,252,0
574,524,32881
398,842,16893509
22,295,60344
817,944,872759
206,9,2870235
586,24,1306095
182,546,0
22,246,230452
489,1071,5368
918,50,206
829,442,27940
22,125,0
582,643,0
6,33,5127202
586,942,1420313
339,807,82
339,831,20
22,483,0
13,803,802810
304,450,565677
4,553,27266
230,298,48763
13,98,1219101
13,376,1818379
326,7,229810889
284,582,15288
1049,307,0
20,1015,237326
124,82,33726
593,317,4982
306,28,0
800,33,5115777
582,423,19359
339,810,0
832,872,11653
968,896,0
339,510,0
605,156,1851549
22,249,7162
817,17,23176
699,25,19543
317,926,7037
489,423,286
339,216,405
304,692,22083
753,1035,480
4,616,58215
944,751,23619
13,34,13226838
13,640,3752526
533,668,0
524,750,32335
895,50,12586
13,226,282192
192,28,182106
942,899,184775
40,560,630
817,682,14866
365,450,2920757
277,1064,73588650
284,359,24788
4,1042,45501
339,747,0
20,668,4699
442,906,0
83,477,9382
467,61,16950
454,294,2706
374,272,510358
557,252,6417627431
791,116,230467
12,675,234608
4,653,0
21,16,1289172
20,91,10843
1071,788,2833
315,417,2897426
13,561,44736
1019,417,12319765
13,249,206088
20,951,663
817,271,48018
31,404,8372
297,9,6857865
13,506,704237
22,357,79777
339,479,0
832,9,3839904
968,698,56009
13,680,710080
524,359,446376
832,573,91226
40,996,2695
1,156,108203
182,417,0
70,33,126121446
82,829,271469
942,502,192440
588,28,143120
40,744,13622
895,1071,3692
942,828,116599
13,633,2322886
22,76,33552
398,730,63686
20,1036,525131
13,1069,50098537
907,42,60739
13,1015,181161
374,204,322710
753,156,4729352
20,452,136820
914,381,131369
439,8,16087
137,884,327139
906,147,39272
163,751,6459681
372,169,0
374,846,0
489,524,88460
339,69,63
22,129,21246
339,717,415
13,31,22865866
849,16,222961
206,16,576107
315,886,530203
787,24,96622
144,8,425157
182,1069,115051
788,755,1051
40,160,897
339,868,60
210,381,64884
593,359,51094
512,8,13847
22,338,34206
22,337,18947
914,25,203388
20,658,10332
942,405,2711137
40,567,14042
535,317,58594
419,450,0
22,104,23294
895,364,0
339,48,147
321,1076,173054
20,53,231167
788,806,5901
423,918,0
4,378,59221
339,867,0
40,98,25304
40,208,18196
339,158,0
4,536,7581
375,400,0
13,57,53156659
280,67,21772
477,430,26304
1010,324,0
4,885,18835
20,554,0
155,32,39313
22,610,172882
895,510,5400
22,102,46861
738,28,164844
0,812,5248064
275,905,0
942,709,163262
40,956,46078
4,566,167142
381,709,20148
753,32,83284
934,256,66941
43,123,29509294
381,471,27446
356,31,7181
381,72,14160
339,255,0
13,130,185670
217,381,3222
339,1005,108
13,882,2037530
20,763,0
926,574,18305
895,906,0
22,1065,33184
4,581,19356
82,849,4633
926,82,1953
40,499,16405
370,450,789040
4,104,1998
40,34,1917
300,488,16321810
942,751,37440
4,257,1080
926,546,10724
339,107,0
182,27,137978
4,44,0
974,450,33433
887,131,0
753,8,886038
13,923,18515034
326,381,8636
492,8,19958
339,956,100
13,798,387798
339,711,3574
317,416,0
5,679,5421
423,124,4730
339,1052,144
895,16,6566998
790,22,519530597
942,1017,93589
934,413,1487284
40,387,2264
38,477,2118798
20,673,0
767,16,472612
20,991,461857
264,27,86256
753,522,450333
849,911,1238363
40,1063,16808
22,660,0
20,79,6367
22,59,14044
4,867,2876
315,729,0
791,944,0
182,789,2768650
40,313,6265
230,25,1982602
4,803,50041
182,177,292806
524,82,84777
40,266,5717
4,790,7103
40,967,169618
482,41,23198955
20,630,1275140
26,300,150062
251,37,113100
632,632,0
21,42,918636
20,844,851483
40,376,11335
420,1091,2192869
0,502,0
339,469,0
13,609,937083
477,468,0
40,692,2424
556,9,23900
13,476,21070803
4,756,36180
1049,27,481376
339,1074,0
1016,25,12619
887,751,478071
13,307,2406066
968,863,0
374,323,30251
13,51,504
753,942,642247
1033,245,97151
445,1014,8865648
832,245,325593
799,28,310933
22,644,15944
4,540,53253
22,795,72894
339,992,22
374,965,0
753,430,5590
13,623,458632
275,1014,1970536
574,16,5507898
4,177,3876
0,501,0
206,24,444181
40,399,1035
486,25,3872828
339,246,40
817,942,286863705
163,777,446835
819,204,0
40,638,69909
221,156,164432
1,24,248051
753,9,7133968
13,800,30816
339,967,411
70,989,4337082
829,535,0
182,44,742281
297,16,430706
643,535,4064
304,27,476320
942,844,123650
15,581,4584
40,630,31437
22,841,0
41,272,0
22,542,136012
22,555,45420
968,780,425281
20,629,4712196
324,852,788
13,845,672517
4,293,18255
467,627,8675
1,298,0
574,489,147208
40,259,630
14,589,0
4,731,0
791,105,0
968,1032,0
593,1071,0
13,616,3885411
486,100,279552
182,965,200831
115,737,21624
40,1083,852
20,979,714
264,156,86261
20,160,0
887,100,5720
339,921,41
588,16,1897406
339,166,124
11,476,215124
31,1035,380896
26,9,2767156
791,43,0
296,216,16026617
339,403,20
374,595,0
115,982,1662
339,1036,126
381,293,11616
574,926,4431
284,849,2804
182,1051,0
4,1051,2032
1058,16,35417402
40,862,6191
582,546,0
445,300,0
374,342,0
40,885,19892
643,284,0
467,735,60312
124,317,78536
1058,359,99435
13,191,3158743
604,806,19078
4,1023,3159
475,8,38237
829,454,127162
374,328,0
18,477,122588
13,540,3746306
1058,582,2401642
1019,842,145341
4,728,2482
339,493,0
1049,468,42656
5,570,103774
942,41,281574
486,307,3525
22,652,35464
934,263,0
20,547,0
40,564,483
339,980,176
137,25,732286
20,1065,917
13,654,723707
966,28,371519
788,788,5678
13,391,1975345
22,536,33309
19,1082,0
119,119,3312
423,524,130171
205,27,523652
4,840,7683
315,190,4534
284,489,15152
22,975,22446
339,100,20
4,1038,77613
367,450,755247
582,911,8508
381,668,2711068
20,290,0
40,72,18480
604,593,11295
4,646,17505
321,9,801316
1071,454,76093
347,8,104042
942,603,10972941
365,156,641167
4,698,12422
20,1037,250007
1058,574,28755
339,999,42
20,852,121972
22,550,8149
339,866,61
874,525,0
374,581,0
632,8,61433
423,540,0
524,535,7439
339,953,0
13,684,384419
721,8,10212
339,174,40
887,519,0
20,675,0
934,366,5108
445,519,7199
942,843,2722
582,788,2833
817,339,41801
339,870,0
535,489,71228
182,482,168766
1,16,7838939
163,35,66784
339,1028,21
13,828,182265
106,8,92338
1010,147,41577
17,751,420977572
968,1069,141591
22,207,69699
1071,911,27433
21,450,851855
339,72,0
934,201,67419
13,341,4643808
22,394,0
40,44,2332
13,338,2963495
128,24,78971
339,536,226
280,1060,863
370,9,28424161
13,765,67592
38,156,11313166
750,600,68766
137,24,158944
18,44,0
788,582,1361380
13,389,26326
280,24,4166064
40,211,980
22,148,40752
482,622,984710
339,991,0
22,437,0
22,805,0
605,28,2535848
40,962,2240
13,302,4528776
339,488,20
934,1060,0
22,902,0
906,1058,15854
306,867,31782
423,442,68671
315,9,437228
911,359,65008
20,925,18
834,272,3711
832,342,0
43,885,15902030
22,208,13810
339,899,105
20,157,27162
343,407,3997722
339,833,185
50,359,2842
450,252,22595668
1010,423,159897
20,538,0
20,48,9843
40,807,6531
893,893,0
339,386,90
22,1035,0
588,450,9700
26,823,232724
482,177,5429531
300,538,0
339,997,20
280,668,1603768
248,8,30050
43,942,913765953
13,688,485192
374,977,7241532
13,366,196600
486,35,54290
1010,918,56142
423,806,0
926,294,2710
339,900,1120
40,473,16785
15,942,0
489,540,0
22,116,221721
205,25,1715156
339,617,1217
1003,179,118297194
339,601,0
934,576,0
13,714,12411
22,224,0
40,350,26532
230,28,2696083
14,238,68562
182,999,0
737,852,0
849,147,776
416,82,6049
339,353,0
40,325,28656
182,1084,1138
13,245,643128
976,27,94237
43,79,8763541
829,124,10420
82,416,0
40,515,53098
4,376,63701
842,982,3070
423,423,114203
4,942,0
339,203,0
489,317,0
20,777,7779
41,44,52560
1061,25,41730
849,385,0
40,1005,10362
29,9,2061786
212,9,125618
7,381,2261637213
351,540,10414
40,634,2450
20,516,24
848,27,59864
284,643,0
817,888,2938
71,16,821778
832,391,16168
137,156,1541728
339,982,280
7,226,148312
4,72,31740
40,85,58278
4,654,1052
911,489,12654
22,1025,7418
13,774,1321737
467,458,1271173
40,1030,2522
874,8,127199
942,597,85330
339,364,270
486,790,0
230,957,2845600
18,25,824495
241,842,0
296,734,1442
5,28,3426717
304,842,32139830
475,25,12172
683,25,33454
942,803,56087
918,574,16599
29,27,92645
968,1030,0
1033,815,5950000
30,994,9156609
13,619,1319498
20,618,5039
788,82,2735
22,688,45164
327,135,0
22,111,6893
31,867,0
13,957,205811
416,1010,73108
40,1023,19740
13,488,38854667
297,407,0
124,16,64959672
41,458,1187922
317,317,20563
423,849,16644
50,510,7308
40,488,2561
339,382,126
467,436,5241
4,417,15762
968,272,5510
339,629,42
574,806,2720
398,27,361876
4,89,27486
934,101,21167
163,25,2625329
588,156,70353
40,17,1491
349,156,59774
4,1002,5718
492,9,0
339,231,0
34,1017,1545084
442,82,6951
1049,692,13994
296,547,14876
20,932,7292
205,391,1142
13,516,44452184
124,364,0
1064,1064,5266043
339,523,20
20,418,19049
331,450,71021
13,266,1137399
533,361,202098922
15,777,5580
1058,147,11403
832,161,266631
339,175,0
205,897,0
50,442,8438
643,750,0
0,381,5083107
40,427,23188
381,16,55231
22,815,143353
4,436,978
22,222,0
20,916,1289392
381,357,108984
339,774,60
20,308,753530
83,789,2839891125
934,66,183562
788,926,122824
128,7,7312606
431,8,16916
317,604,0
911,546,10975
163,27,1209377
968,639,17750
948,156,0
758,9,4873662
4,808,7180
13,801,789759
339,448,189
300,985,0
4,357,80881
968,983,0
128,191,379345
20,211,0
210,156,9629276
1070,8,15947
22,898,173671
22,881,14934
829,423,50710
1,28,7382534
19,35,91781
750,324,2420
1033,156,324731
0,272,0
339,76,41
230,8,2197129
935,156,535821
0,1079,0
324,442,0
13,504,49300
275,912,183789
147,364,78945
13,952,3051
1019,450,166632
40,715,6696
300,730,2268
13,589,333197
20,591,444875
25,620,0
942,132,101008
1071,524,95177
906,454,164242
750,454,57964
13,779,61304
420,8,3702
22,828,78197
324,50,1250
817,629,13770
11,440,231022
321,27,31248
467,590,10244
1058,849,25873
279,25,298
835,9,50871
40,258,39973
5,928,177068
22,692,0
40,117,2130
128,36,181822628
445,216,0
147,926,18760
343,266,227964
22,86,4733
642,32,835328
817,156,21226
416,574,11899
454,510,0
787,298,89411
968,1085,136
445,41,825349
604,604,0
40,382,46795
13,577,270070
13,915,2610518
489,918,25076
5,366,20168
467,802,5961
40,603,47187
3,417,0
22,757,0
4,448,63520
13,1005,285301
620,27,27282
20,209,0
339,471,378
20,286,0
339,472,21
39,391,7366360
893,8,534358
1049,42,0
22,131,27097
934,714,11161
968,500,22464
13,100,139617
477,688,197388
40,476,5424
339,262,248
918,423,96681
20,1084,0
230,16,22386264
4,427,6490
791,0,20650872
895,593,0
31,1091,18958386
40,194,13820
20,938,2867
832,337,110654
22,196,7086
848,294,0
926,423,263801
339,646,275
40,502,69262
737,16,1331106
737,482,77917
4,541,1054
374,25,2412663
115,24,8787
829,829,18095
40,276,2690
347,28,430434
13,174,155007
13,763,13170147
1071,535,0
343,575,358563
40,903,5256
22,400,0
582,510,3653
339,303,0
535,582,282493
40,257,5500
396,8,386425
20,107,5995
71,28,1087157
40,448,78358
398,24,926697
4,827,4633
874,27,17973
906,546,0
829,324,0
375,131,9804
40,122,7316
737,381,0
832,450,1080620
339,391,60
968,909,0
217,24,1013611
4,62,69290
926,317,5234
300,951,10426
10,27,116695
5,16,43330
22,381,0
339,273,0
817,842,34562
372,388,4170
375,216,154126
297,1019,21227005
356,450,10878778
582,1071,1505
13,881,1602486
359,788,11307
926,324,4373
326,28,412773
1071,359,27244
11,111,0
13,536,1784686
753,25,2299996
942,473,111816
819,562,0
264,105,5747693
442,284,0
304,154,33730
582,985,582212
339,154,140
887,300,125664
124,750,6595
1019,846,0
442,524,54262
968,450,76057985
20,337,790298
4,715,2632
832,654,3881
13,1009,99478
339,577,20
1049,458,0
375,24,642269
13,736,2224
934,842,224741
163,364,16405
40,843,1393
182,846,1075062
574,510,0
4,468,1080
1071,423,0
182,450,170223
20,898,2285951
315,154,2257
791,336,4739
43,646,15356024
20,382,2451
13,461,26453
339,468,0
40,763,3146
339,728,170
13,358,3979195
18,27,100671
381,858,997
212,25,24618
317,911,49105
1,842,371323
968,226,111312
524,604,7424
1049,357,0
533,381,496966
1071,50,0
374,482,1440
40,135,37378
13,474,1895695
20,293,22
4,235,0
942,818,62008
40,177,15298
339,267,0
36,982,2149
315,552,0
22,44,6625
339,31,0
934,194,0
817,12,78018
13,677,1161309
20,846,496092
339,676,40
582,524,176735
398,156,653108
25,367,2206
12,668,0
791,469,40461
251,156,250702
942,688,125938
1061,24,6311
529,9,4616
829,604,0
163,804,457989
356,43,0
4,739,0
40,612,770
22,345,31347
556,8,51764
4,299,524440
20,780,96
442,926,38467
942,704,9312
140,28,153252
11,619,39904
82,1058,4342
40,123,28343
817,652,0
339,337,92
942,325,28452
275,1027,65694
118,156,8554887
13,1002,8962331
38,12,2005844
22,213,191321
13,468,368258
832,832,4927
0,991,981
1061,581,0
375,179,53473
576,594,263
5,663,36369
942,993,61904
375,156,6217552
643,293,7591
324,540,1392
374,1051,0
40,490,1960
13,410,3742787
70,800,24849
4,815,64985
1010,1071,17551
398,125,2994009
1049,470,39097
11,85,6499986
241,28,657080
753,216,11706
339,495,20
753,477,0
4,809,1012357
381,619,6814
41,812,736678
40,272,19742
14,902,68464
22,755,200087
582,540,3169
643,788,20849
944,16,1253898
40,651,1136
467,490,423643
13,473,1404720
582,815,0
398,135,16466
13,598,958783
835,156,790
887,1084,3197
13,1013,170204
942,307,61621
869,869,0
339,1088,0
339,307,142
22,191,91935
20,216,465455
22,1083,0
535,788,0
706,8,6782
918,829,55158
935,9,1657531
20,476,36
339,675,142
359,154,0
11,915,3294628
442,50,3994
339,208,61
604,359,493557
817,817,728057
20,433,0
339,474,233
20,924,15718
297,902,0
13,827,0
40,866,63243
489,454,15574
839,8,1122644
22,469,0
942,98,112844
275,638,0
791,7,7964539
4,213,60627
22,840,93547
13,989,1365493
372,381,2412406
582,582,43834
20,891,0
71,156,10560
1071,546,5973
182,198,0
147,16,49170653
445,323,320717
22,77,28308
22,631,96166
4,716,0
13,903,2047664
1068,1068,20643
934,981,49447
339,560,0
4,411,143257
486,8,793771
604,147,0
339,223,24
41,177,22300106
326,193,8080
942,293,177235
524,416,0
918,788,124929
367,25,652414
5,910,82679
788,1058,0
445,941,0
339,193,40
1057,9,3827
13,224,647573
339,67,120
817,833,194440
887,116,0
4,421,6962
339,709,42
817,910,113132
20,548,34211
13,336,4646245
339,812,743
1010,454,34592
524,1071,4048
1010,1010,114204
297,116,41441
786,786,120099558
124,324,31777
4,460,0
284,911,174420
398,407,1914
4,193,8271
381,600,14304
1010,574,66018
524,829,4944
31,638,2301
20,890,0
128,777,409033
239,28,914425
22,744,0
40,766,4097
228,25,543085
942,215,133540
40,676,23146
40,330,1190
50,788,0
339,225,0
454,16,1021345
4,600,29712
22,342,47558
467,525,768290
1010,582,72266
586,361,14464
381,473,85056
20,967,10363
14,388,5776
71,24,14608
20,537,3324509
31,942,43828
467,215,101043
20,80,3843
13,898,10660811
280,755,276767
848,42,207949
467,141,23075
40,858,9691
40,845,26380
968,252,0
593,50,2841
304,994,0
339,352,126204
5,710,113521
13,276,370873
280,638,807233
489,1058,8586
41,688,39485
381,193,52744
284,1010,215934
176,42,426520
284,416,482
34,272,868
911,788,23132
339,236,0
280,675,3661436
20,357,4392
297,751,16583
22,307,227058
343,154,399166
1049,337,0
349,9,1601408
347,9,708359
1,486,126930
40,726,30775
296,27,199600
41,965,8438
533,467,2433353
442,788,0
40,235,1218
1077,156,7074
239,9,2404649
895,600,22035
486,600,277346
22,557,2942
13,62,5246059
317,582,5222
36,180,36981
976,942,0
50,582,8271
934,329,16116
13,114,323677
942,216,5206
339,526,0
12,1076,0
593,489,1261
304,156,6230359
349,450,8350965
670,8,176771
942,79,157703
942,915,23872
339,963,0
942,1076,0
13,116,6075821
300,120,0
524,918,111813
40,358,45191
356,14,854
20,245,1425
942,862,72866
379,1068,22070
339,990,21
535,1010,41235
339,425,21
22,961,19842
22,193,46819
331,1091,1915973
911,124,14598
4,433,0
326,942,171838
22,198,0
895,442,13260
317,574,8360
182,443,237122
119,692,29443
13,371,69468
445,691,1598
895,643,0
968,339,1940601
1049,528,64582
13,385,431018
1010,911,72467
13,607,208745
20,414,726280
20,691,20259
593,524,58413
1061,791,0
40,938,840
82,593,12403
604,284,0
304,9,5076296
13,943,178953
317,806,0
750,1058,2508
13,751,2065865
241,125,87903
1049,12,699550
13,498,9106
13,232,20665
643,489,12065
942,257,14241
275,736,1005041
1049,1091,6866
26,24,339386
40,1048,980
787,28,982027
339,213,207
642,28,4036372
4,207,42130
737,8,80136
1067,1080,0
737,24,123906
445,433,131280
40,203,1242
613,381,95959
593,593,703
13,469,950346
13,769,91766
339,584,60
416,806,361
968,380,0
935,8,190508
454,1010,150988
406,24,39836
29,851,0
13,971,82457
423,593,6943
942,903,0
22,103,47206
40,980,59396
4,130,0
13,73,1415854
486,9,5081370
22,456,19043
934,24,608214
12,755,0
20,227,2367
339,951,63
339,188,40
13,453,1338749
4,178,0
797,9,10946594
4,607,2164
750,829,11053
767,14,1778087
593,540,0
300,238,414068
737,115,0
1019,116,7742
586,842,1575269
4,868,1082
445,450,1849905
13,790,3052697
829,926,53331
849,324,0
230,24,1171227
280,28,4560351
40,708,4545
25,462,0
791,842,16699393
40,704,17594
3,32,2379980
1,119,29802
349,32,57682
22,384,0
13,913,12667
339,340,162
356,968,582273
339,902,0
4,989,3122
596,28,926983
324,574,1715
356,575,0
509,156,147318
1049,16,6215051
284,926,101402
5,146,9143
22,901,78532
339,897,0
13,562,718841
13,928,166958
934,973,122238
40,561,7748
304,297,122274
942,541,0
5,681,29851
20,540,2186
339,818,127
604,755,2996069
4,438,0
351,25,46698
182,8,536571
374,105,265469
317,1049,261781
163,654,0
306,190,22155
797,156,9213691
454,1049,10040495
750,124,0
20,483,226470
512,25,36267
40,1002,16207
13,1087,241313
40,717,50479
339,497,87
375,915,0
620,777,17312
968,131,19170
40,289,1734
604,294,13546
38,968,12146086
445,789,333349
304,1080,518
297,968,0
605,32,1853410
524,582,30022
359,926,15173
70,751,0
4,555,114784
370,156,202579
147,510,2698
5,498,20430
230,42,36353006
297,303,12056
374,1076,5231401
20,741,252307
339,1001,881
13,985,3575554
29,482,543664
217,111,0
13,408,122427
133,156,0
163,135,489872
895,540,708
942,963,960
182,32,393054
359,147,724
832,381,964948
750,849,2824
445,385,1336
13,167,71301338
533,1064,16616507
817,327,2077243
788,593,0
278,24,194802
942,501,146027
13,851,92295
753,298,1197784
147,1071,2728
13,967,14750596
398,477,0
22,537,115553
20,198,147745
849,604,1885
849,1004,3441
22,516,7022
119,584,0
22,979,0
5,504,0
593,535,0
297,495,534216
442,827,0
420,753,0
13,1014,1872505
163,12,76340
40,867,8376
339,428,0
22,1002,28381
22,899,57624
20,711,4952549
339,104,0
829,82,18193
574,535,65165
442,1010,24438
13,313,141448
462,27,5390
976,751,50485
918,918,155634
372,425,693895
5,859,22736
906,849,192
4,291,0
4,1017,18896
284,676,0
535,540,1366
339,882,0
911,510,46413
40,538,2520
230,193,152733
20,744,346385
489,535,1251
297,105,60615
976,25,423218
40,63,10104
926,524,25643
5,27,280141
381,553,30420
895,918,18543
942,123,18769
926,535,2843
4,328,0
40,405,87372
83,204,4585434
3,9,881794
20,81,769409
124,1010,127409
40,712,18545
23,756,33282691
40,394,7936
420,327,0
36,272,2597
13,63,1038082
339,808,339
477,477,618025
942,945,1536
20,770,0
22,654,55759
306,8,376976
454,82,3630
4,937,0
753,668,0
22,190,15791
349,105,3864222
1049,450,4517800
895,1049,662183
918,582,23557
40,169,3557
398,9,3893331
124,510,8102
40,391,23096
936,9,119700
22,740,10239
582,750,4150
241,241,0
13,179,2875857
13,752,69469
22,823,110072
31,688,0
228,24,293212
4,194,23116
934,1040,67983
20,421,1449636
128,156,576326
906,788,1453
206,8,488841
5,888,17540
13,272,852822
832,180,0
489,829,44547
887,1090,2362
20,536,640035
1019,1051,2862
533,842,1005924
13,364,2336426
40,81,47543
442,454,2861
482,698,879733
212,8,36406
4,312,28508
324,454,73927
736,263,7823
4,676,64309
22,665,7038
339,645,0
895,829,2053
182,9,4400798
17,70,25209186
349,27,210225
942,982,253
1071,582,0
13,775,1250410
942,973,14233
43,404,103047125
339,744,763
934,681,34107
1071,294,5412
20,90,1769449
155,156,4971551
20,400,371
454,806,3655
13,154,8886916
356,482,53027541
163,381,1084837
805,805,0
40,993,21513
817,22,1916
13,269,583335
19,70,0
374,1064,40631385
375,8,771331
22,573,16120
20,190,715390
22,780,0
381,581,5515000
13,384,3169612
300,167,1313549
944,942,94975
832,154,26000
296,477,2835917
791,519,0
20,6,191
1049,28,7890537
20,56,960086
13,538,91817
20,809,8954115
11,449,24925
586,83,4795337
381,1076,11192829
4,292,1904
349,842,923150
454,442,6140
605,450,9235362
4,577,0
381,536,1277121
40,195,17905
46,156,1531141
147,600,192770
4,961,119926
1044,9,257
284,895,217
13,653,77511
13,202,1035544
1029,9,460
339,844,120
406,391,0
22,323,33732
43,195,6521965
568,158,19258
339,530,42
820,25,352620
1049,216,63038
40,293,36058
118,16,6001338
300,809,791245
20,468,0
50,1071,5901
974,156,9406
31,865,7297
409,48,1104542
942,384,74816
230,739,9303
3,8,233651
137,9,1996047
327,842,1087368
284,750,24797
533,575,5242843
829,593,0
604,582,17112
124,442,52087
46,37,225485
40,340,76214
40,618,20868
339,308,84
43,665,433049958
13,901,458134
486,24,1097224
147,750,141
147,788,159353
4,900,1430
406,771,61931
40,901,3768
1058,423,125839
40,1052,46582
317,124,482
40,255,980
942,515,14211
0,1091,12792
339,634,42
1071,489,14495
817,483,0
918,82,103957
20,823,0
835,27,4433
4,117,0
40,544,1296
442,574,1789
339,857,0
849,524,179804
381,341,18674
128,942,5163892
339,932,40
374,942,241600
13,36,90840497
22,866,82134
489,124,0
787,156,23853
787,842,184412
22,1004,50113
241,1091,998559
40,253,6151
1058,535,262
450,24,765940
643,849,0
327,83,2720
934,219,45411
5,256,0
22,299,63030
182,31,24793260
20,651,5813
942,1079,139538
22,963,36535
339,763,168
817,0,67508
416,524,1270897
788,1071,0
13,717,5253607
25,21,2193
1050,9,2722
849,895,0
459,965,62039
4,268,0
22,157,25660
442,582,2715
284,906,3962
108,8,0
339,595,0
280,9,10661560
297,314,0
508,64,11311
20,1056,11375
22,496,29916
13,780,287737
40,501,63736
22,603,21097
849,510,13494
935,225,7749553
767,450,18617
670,156,9311
304,834,172395
38,31,5055645
20,1075,27266
13,815,1474463
339,507,42
1010,416,0
13,611,59836259
317,849,8835
13,101,101731
20,715,16620
482,789,974102
217,87,0
296,452,183555
416,317,8487
217,131,0
968,844,0
791,381,1848322
339,1084,152
934,913,670575
13,514,4716941
239,27,236696
445,482,2956070
381,36,6010910
445,983,35994
4,853,1055
13,855,111887
339,815,61
935,688,0
124,50,24682
574,911,44732
21,156,4687263
182,516,197287
1010,895,16404
20,946,20489589
887,8,547933
942,608,95049
475,9,0
22,478,32685
829,50,62384
895,1058,6376
264,450,45363
13,452,361569
4,158,4200
13,1060,252376
454,895,9419
284,574,39292
339,70,0
317,546,0
321,156,34102
1049,842,1273354
15,24,209324
20,580,0
124,906,10069
22,756,12278
31,921,56509
20,915,20
112,25,18622
40,990,840
78,70,29017
40,700,1008
4,1043,23314
22,872,20885
40,957,2280
4,712,32516
398,28,1279260
911,147,85149
30,467,1501
22,1069,134695
643,918,96181
643,82,19989
416,359,91006
4,384,15375
339,581,120
13,1051,714519
339,63,80
324,423,30173
40,899,45976
40,653,852
40,1045,1715
19,294,0
1049,25,3414435
40,881,12552
934,274,7359
4,499,9871
944,842,1299080
416,600,1002848
22,1043,13936
811,9,10009
304,751,103110
934,1091,7851
324,317,4766
20,428,0
643,1049,619954
934,333,8032
13,594,17039585
356,9,13762836
419,25,18280
911,284,1106
339,411,100
13,485,2849120
381,712,151348
1003,751,787178
22,302,52256
3,156,45015
381,646,36639
568,450,0
423,926,1911
4,148,68633
31,482,1181874
454,489,7454
1003,638,0
182,692,375015
339,941,21
128,116,2086786
737,737,1917
22,996,15932
895,750,1250
856,25,49412
118,28,2622876
535,911,49559
505,450,5994
40,553,52247
786,8,171040
15,9,1390618
82,918,94981
26,266,892651
494,25,34687
233,1091,104500
26,204,0
339,1082,842
791,298,49684
147,574,13180
1049,245,2206
20,704,212
20,685,21
339,724,21
381,148,0
339,1017,142
4,1005,4301
1068,381,40969
367,8,190473
118,41,514199
297,28,1704448
372,1007,401162
918,489,25019
926,50,0
720,27,12902
790,1034,5280637
13,1036,33135622
40,166,20644
304,44,0
339,647,0
40,833,10160
13,1056,999129
926,788,11005
918,604,20768
524,423,288246
128,238,178757389
22,871,26635
205,24,703671
137,364,6071
1012,25,218004
1,25,122376
1058,1071,10898
1049,24,1038678
620,450,133132
4,973,17733
40,440,11238
82,906,10725
1049,116,29201
642,27,62056
375,111,54245
842,272,5379
40,84,13948
445,452,0
20,638,486110
38,482,1415466
124,926,56251
406,9,1014297
906,911,12831
934,412,565971
20,135,18
40,91,630
4,547,1084
300,1090,54974631
20,996,0
524,317,30729
968,69,0
799,156,594371
4,872,51850
13,709,565612
934,778,0
221,16,67217
13,434,4296945
22,75,7598
462,942,11781
13,292,3316374
31,506,486857
326,24,191159
280,204,1833
40,771,6216
1049,942,165087270
339,639,0
300,921,27072
791,9,6560124
38,942,711535629
300,1091,2592525
942,116,156904
30,327,39604
22,766,0
750,442,10702
968,824,0
40,591,161469
926,911,110371
942,62,192909
20,447,4
374,842,0
788,849,0
296,789,448959
486,842,502325
20,384,710
359,546,12504
20,502,961
287,27,9530
1077,25,65858
788,535,19217
230,328,0
324,918,30712
20,299,106
40,808,34310
968,172,0
445,842,1486051
359,750,5686
22,903,15626
11,238,179172
829,524,154057
4,403,260719
942,7,17259657
359,423,33828
494,8,40247
942,1081,60843
13,744,789640
280,842,8166
4,69,3302
71,25,253711
942,474,82052
38,17,1096233
713,25,348080
533,477,0
22,417,23720
13,945,60468
3,27,44311
40,292,15127
643,574,30280
1071,750,38528
470,272,0
22,731,30020
419,1076,0
22,1032,148193
942,292,9650
926,1071,17328
849,574,39034
22,452,56425
942,164,10716
887,902,16271
1049,777,42127
819,1036,0
25,406,0
20,697,0
306,716,0
398,16,6916762
1003,28,1777537
372,450,210141
968,800,108300
1012,8,67836
20,676,0
22,132,59456
942,942,236944
974,8,2409
13,963,832712
339,1042,42
275,7,18375616
1016,8,5315
182,25,1278085
40,434,66009
13,493,24893272
71,514,10632
339,316,0
347,25,274505
331,331,3028
445,31,186324
339,726,60
8,279,1089158
31,158,0
20,597,0
398,581,85085
791,12,10256694
375,16,151311
275,16,5384831
22,708,63920
556,25,43474
738,842,3022470
82,546,0
275,1076,1443287
22,993,76036
339,238,63
331,25,0
147,1004,331
791,1076,17376019
304,711,59405
5,156,243396
339,927,357
339,790,442
40,975,21669
467,825,664511
918,317,39302
906,582,94040
887,9,2892352
817,57,645662
934,309,18820
339,633,41
339,434,220
22,854,13858
20,63,190508
375,982,0
43,235,1687507
22,183,84392
4,358,371268
40,1082,16969
20,269,196
82,489,50306
300,833,9071
22,668,133207
968,495,0
648,9,0
4,267,27061
893,876,3456
11,985,1460318
13,919,499265
874,450,218921
11,384,3707990
22,1030,7598
968,385,4833
918,1058,8432
22,884,21108
13,433,8744255
182,1032,23067
339,959,0
370,27,476506
596,156,538430
1058,524,232501
942,381,221170609
13,704,514921
40,754,5520
13,1023,414244
445,852,222720
22,268,26512
233,540,0
275,1064,375856
3,25,359637
13,755,8286489
533,204,1074569
1049,9,6269425
856,9,1579
13,132,3012022
887,24,160286
791,16,11867148
791,1084,10398
374,41,25472
317,540,2086
942,12,38504
40,245,10374
524,574,64280
374,4,0
13,754,120589
339,694,42
155,942,1232294
467,920,0
40,778,3952
791,191,289222
22,258,52662
20,338,25457
832,198,952619
339,677,252
339,708,0
1071,593,0
372,384,0
1019,297,629394
339,500,368
34,33,5201563
13,148,3394835
942,519,0
38,736,2872623
20,594,8921
1019,844,114470
140,450,8327748
374,898,175784
13,135,1047408
284,294,0
356,16,214401695
914,562,460236
40,77,36254
339,318,41
893,156,827047
12,942,42488520
205,8,1507848
786,264,0
10,63,0
968,894,43857
911,849,18893
454,124,0
3,1064,180362
40,963,2488
4,744,0
339,53,81
297,600,0
1077,4,93949
20,944,4
40,385,11052
339,1060,0
339,339,20
4,434,149620
904,7,8599425
574,423,130069
128,1005,98004
1010,82,11429
339,834,0
586,16,1043582081
40,198,13477
416,416,966
4,400,8616
968,703,0
221,28,25356
4,353,32010
406,25,334581
339,800,0
25,205,2193
1071,1058,8469
423,788,5680
13,847,45647
128,27,177616
182,793,456506
339,516,189
278,546,0
374,755,0
13,739,243840
13,41,50154117
748,793,0
482,692,0
339,443,72
11,540,3248248
217,470,4070677
31,757,11864
339,215,84
124,911,109497
20,1089,0
4,116,1204045
284,324,21090
362,8,1051
40,774,33005
819,1060,297178
1058,926,55642
43,603,3899580
426,42,0
182,93,1296223
20,757,2157999
20,94,1825
280,1080,0
22,812,96666
339,520,42
401,156,247450
78,78,235389990
918,926,38609
800,272,3465
533,264,2861941
275,24,464582
339,826,0
374,1004,928
300,807,0
339,903,63
423,829,135399
620,24,37664
13,90,359776
976,8,197647
20,726,2118855
0,382,125381935
620,154,3158
429,8,521
832,897,0
582,16,20571904
315,789,0
278,25,195220
942,447,0
912,24,2780632
43,618,22866830
22,340,19620
1068,83,3463413
22,801,44082
284,317,59978
445,25,1315259
43,57,106810
942,581,101816
574,50,0
942,183,2586157
574,454,27743
339,1051,417
284,604,0
1077,24,21583
230,450,2409359
22,777,177588
40,900,15198
906,829,0
182,902,10176981
588,9,822562
339,446,42
398,266,1404
20,105,0
934,28,1561681
429,25,58359
381,41,10721
280,540,680
22,698,41484
849,546,0
40,148,58940
994,272,0
533,277,1067644
416,50,2914
182,1030,0
0,149,10063
926,829,27778
43,382,52341799
40,844,41502
832,36,155597045
486,450,10103525
275,28,2363497
954,8,15050
4,704,2168
163,405,0
604,416,0
442,535,8590
13,617,212866
230,842,791
22,166,2718
40,89,3240
20,518,1811711
942,876,178532
20,270,0
206,119,68506
339,152,0
324,294,0
381,62,220642
339,196,21
22,225,0
40,54,1120
4,350,8833
182,844,2069
339,187,20
508,562,25155
1010,788,5684
339,305,40
40,79,38403
1072,25,24210
574,750,25606
968,539,2307
13,888,89358
26,28,438903
934,877,45532
13,67,2362576
788,911,8448
535,750,0
750,546,5360
968,107,127232
582,849,5024
586,508,0
17,33,5583424
968,736,56011280
339,973,319
13,309,96864
359,806,3691
918,535,52039
13,513,447199
416,1071,2245
339,989,0
339,1079,20
13,687,124175
753,842,8420
22,98,128286
14,525,706264
467,272,23673
20,481,2608
339,985,63
217,9,9739344
1010,510,8098
586,450,1698806
13,710,85173
942,627,30361
1016,9,0
911,442,7438
40,523,8750
1067,24,38508
13,741,94360
124,147,21860
228,307,0
339,542,21
593,124,0
435,25,45850
40,485,63791
750,489,5349
278,156,529567
339,751,20
817,968,18499
13,1084,2877564
13,1022,379926
381,468,73606
643,423,115101
918,454,109383
22,858,47877
1064,1091,46052
40,633,34902
381,1081,116598
817,395,365007
339,599,0
4,447,19492
791,28,1519010
40,1079,34801
359,849,564
454,317,4735
593,750,4163
832,983,36223
423,1058,12262
339,41,0
374,131,536
4,635,0
4,1081,13032
19,156,53216
20,567,0
574,546,34344
13,825,9626
1058,294,2706
22,599,5789
398,1051,2773662
887,692,0
761,450,0
339,177,101
535,1058,2839
40,619,20445
40,193,7663
4,644,119900
20,75,0
356,28,6219660
115,25,9040
356,0,9144
39,698,10408598
22,150,63429
339,252,642
968,1063,18548
13,796,9993
20,67,3163
22,1023,55170
1010,535,13121
968,898,320
1049,314,0
13,104,311168
321,16,1748785
50,643,0
381,447,166609
339,194,82
4,726,5721
486,190,0
586,9,2538139
817,334,170422
153,153,19096
20,425,135
5,789,2871979
869,323,0
11,298,225904
887,27,352350
374,522,28165268
942,744,4656
533,103,219614
29,28,427972
20,611,8359
40,430,14819
6,4,732821
13,537,301161
950,8,1253
367,24,124473
423,510,2698
442,294,2710
586,28,9229467
15,8,262133
304,25,2293280
20,283,0
40,794,16257
351,24,31216
887,25,740767
787,8,251894
347,688,144682
489,147,18915
968,846,17024
445,1030,2743786
942,268,0
454,1071,9947
40,268,1666
40,615,1260
942,555,154272
40,291,8669
13,553,3051447
324,1058,3703
788,124,0
40,185,621
182,751,132355
445,1056,0
339,1081,62
296,728,0
22,63,20755
1058,895,953380
396,25,580220
750,593,7522
935,25,841354
643,895,0
811,8,27474
20,564,9809
241,381,91208090
406,514,37105
848,9,1588137
189,381,60285515
374,495,0
4,385,2646
13,411,6262194
942,784,4656
381,411,2577
339,1014,62
1062,9,829
713,16,21441
13,1083,73720
82,582,30513
210,9,58035886
4,17,0
574,147,19155
124,643,99689
40,357,50131
738,156,981397
339,908,60
31,826,5218
381,381,10904096
604,600,1104607
22,79,21149
768,1091,31360
1049,410,138629
4,988,0
13,387,888271
4,921,1055
398,327,3527851
43,293,60023630
304,28,1095433
20,43,0
911,895,8697
926,147,4366
423,284,4588
605,27,545386
934,16,9099434
477,1091,24458
13,383,2858772
442,317,0
11,1017,3020528
381,213,248416
182,292,0
40,338,53531
372,982,0
50,294,0
22,136,82612
887,125,427636
1049,668,3511
976,9,7864507
416,454,129721
0,1076,126832
40,207,24705
942,712,88290
1068,8,168472
788,324,0
22,474,6929
182,956,273641
489,359,71606
4,485,61076
40,973,50829
4,135,30054
40,1038,43166
620,886,0
339,357,62
339,342,63
13,1092,88813
1050,8,24783
20,109,18896
339,433,82
767,27,88237
339,1069,231
4,245,3046
393,24,51946
7,1076,21680608
604,324,4542
535,454,350070
4,677,14348
942,350,13968
22,300,0
1077,8,46743
381,84,137705
115,540,0
40,481,560
643,911,438934
230,1080,0
4,224,8050
339,944,495
942,872,127933
22,80,38264
381,885,101228
374,1080,157121
356,27,816235
4,567,3044
275,357,20014
381,566,78222
904,842,186213048
895,454,53033
339,116,101
5,24,351202
832,204,97893
893,9,2917864
339,757,60
349,28,1114421
300,876,0
848,156,28012
28,46,381342206
791,25,3625985
13,1030,418326
19,28,596387
374,1074,13312
306,651,355257
182,381,141706
942,471,551959
20,1004,3639
230,522,13438297
339,597,65
40,672,8922
124,546,2682
20,448,93
228,123,61657
13,635,1011664
942,618,149228
5,66,140115
241,27,109225
300,154,1533264
13,257,117387
41,266,0
324,906,454
182,300,408876
339,501,166
339,84,195
797,25,1603813
339,164,21
40,373,1960
968,80,45475
13,668,6803107
13,657,67825
40,392,1960
393,9,471578
297,572,0
1010,1058,0
7,35,88076889
524,806,2720
1077,9,199081
297,42,840901
339,466,0
604,1080,0
13,268,66814
11,756,5960524
533,1091,97542
20,403,0
13,871,252344832
4,980,678929
13,378,12081240
604,911,170831
935,364,0
317,788,49242
5,1040,56376
788,750,0
706,25,34535
339,562,61
25,586,2187
22,310,7002
926,454,16608
13,836,1149735
942,246,96417
1010,524,36479
22,997,22512
22,751,0
459,32,1197296
163,851,0
381,790,203
942,495,47008
375,1082,1123847
317,535,10081
339,130,0
304,8,783206
339,49,0
911,806,136890
339,57,189
339,6,0
13,110,6745954
22,675,151896
4,383,81385
40,438,2094
4,502,110785
13,99,55141
887,482,4106486
40,76,621
887,1030,0
942,967,589844
40,716,1224
30,22,11545
20,1038,577
351,8,36351
887,901,0
442,1071,9158
895,926,7438
22,500,51990
339,979,0
819,844,10356
524,442,5689
398,154,345391
374,741,26143
284,546,5356
13,350,833614
18,24,498125
791,24,587322
1,27,60890
317,1071,2781
324,755,12660
40,803,28755
13,252,1907662
942,67,473472
6,272,929
40,920,1050
942,400,12248
13,288,369674
445,198,42162
124,359,41670
339,515,122
13,501,2641572
648,25,19684
304,216,269926
326,8,108636
381,191,8224
147,454,146242
40,1081,25042
13,207,3183170
40,646,29446
339,1063,146
482,469,3101
280,27,808237
374,1063,0
381,325,9986
934,444,92616
339,770,0
574,604,0
50,911,7309
20,235,0
13,146,139802
124,524,174171
264,16,28261048
445,1002,0
30,7,22871
4,98,56855
339,798,0
643,829,482426
297,381,718009
586,482,108417
29,403,0
750,582,0
454,546,0
20,405,1849
304,16,49649
221,8,12051
4,1063,9996
381,116,2602233
936,1080,0
914,111,0
20,755,24255
489,593,2847
1058,546,5360
509,69,416
942,790,13968
4,196,1866
934,779,0
115,903,0
13,823,355117
22,135,278368
22,803,7017
50,82,2736
13,216,3227051
82,510,0
574,324,15832
317,985,1969539
339,892,64
524,489,5740
326,27,31461
20,801,90757
374,83,716619
339,283,0
445,27,244005
467,506,107603
604,82,12298
40,378,18458
128,871,72918
5,389,179555
535,50,0
40,179,32454
40,915,29104
233,842,574187
315,156,126510
1010,750,31740
13,327,29328848
887,7,51056
1049,744,0
586,381,2743751
1003,381,1358
20,381,0
20,325,20
976,24,346188
278,28,301567
40,985,37322
275,1044,115238
22,1084,40057
4,428,0
420,156,229471
324,829,5064
5,9,2041610
445,1091,269261
791,594,67473
40,709,26091
22,921,66946
942,104,0
40,353,21709
40,183,35340
416,895,7438
155,450,9832145
339,276,0
942,87,0
43,183,24510281
297,154,0
887,417,0
40,942,1338
182,76,0
22,1079,22340
284,82,46428
381,573,12925
950,25,9138
893,27,207771
934,114,4863
339,522,0
31,793,13966314
347,156,462673
82,359,62737
783,156,33093
22,267,0
71,27,126415
280,100,211869
339,334,0
593,147,4287
359,82,4666
14,314,648287
4,573,4329
20,1081,163
911,903,0
13,340,5505393
374,0,24518
445,876,0
1055,25,7736
20,477,0
5,1024,172823
248,28,0
4,608,18704
40,740,33027
13,177,1081624
297,1076,362918
315,477,277599
1049,515,153685
40,828,11204
38,0,1678547
968,1036,8511
317,643,217
182,812,0
372,1082,11069429
31,880,17264
1011,688,0
574,582,27824
465,8,40725
284,918,74991
574,294,0
20,64,2510361
22,485,108808
968,52,7840
819,942,3590
82,535,42734
1071,317,9337
40,252,45261
306,36,53945262
40,925,910
13,644,3022303
593,911,35840
489,294,995
372,449,3637884
297,8,1373177
339,499,130
914,1080,644
4,81,10707
524,1010,250985
482,408,0
942,453,66624
230,510,0
372,756,259457
22,421,9762
297,577,0
297,675,54516
339,132,272
217,751,90566
20,191,3220
13,457,401376
339,87,64
445,16,5222724
20,542,649257
70,1014,0
40,997,37969
25,791,6568
20,644,43
416,147,23852
791,327,485077
887,483,9965
26,8,463043
887,1014,1070109
264,477,0
339,789,63
1050,25,132658
625,8,116145
533,805,39627714
671,156,1341
15,600,10239949
445,238,0
339,17,0
297,519,142490
5,1080,0
535,918,48243
339,400,0
317,524,171821
605,1091,38378
13,555,2971543
914,27,43865
887,238,6425929
379,379,314518
4,833,4671
819,381,11475
788,442,2847
13,201,50678
926,643,2743
124,593,6435
4,523,0
11,638,1429656
489,82,1133
20,601,3996
300,525,528
856,8,57826
22,597,22884
31,1052,31391386
26,25,1233953
339,553,80
82,604,0
1058,489,25818
20,882,33
753,24,793119
20,814,648015
40,559,10492
40,815,69325
582,82,0
529,28,376
942,341,80809
40,818,18165
393,156,9384
3,510,0
889,977,633088
339,614,0
791,791,6709327
20,268,0
22,793,26948
163,519,0
339,654,100
275,189,6985
339,885,237
445,381,218326
315,76,0
145,545,66712
22,591,11394
182,514,20588
1077,27,5045
155,16,39551769
339,261,0
22,335,34893
339,94,60
40,209,1260
31,378,16024
182,780,100330
1072,9,1963
13,1017,3605507
486,668,148694
5,65,87684
124,574,30490
482,31,5325262779
13,541,198203
753,44,0
482,433,0
251,27,31304
911,926,71882
454,918,14429
29,622,7498
721,25,25375
13,215,798676
758,16,7970631
758,32,457292
280,307,1998865
13,734,67041
583,9,271160
586,42,1050673
423,582,0
586,8,957001
797,450,22832847
968,110,69995
339,794,62
4,561,0
1033,25,165486
367,27,87020
20,805,2022
381,515,1512
241,546,14742
13,692,265442
4,956,40299
849,788,51757
339,245,121
911,750,19845
20,1079,2719
582,535,2833
248,156,743
20,519,184961
40,982,47844
4,515,90745
339,701,21
339,455,0
4,154,3236
736,467,838966
356,83,855321
20,474,243382
477,789,4732839
22,332,212222
217,942,279673
182,156,638627
954,25,29773
753,1080,63577
797,28,3876584
911,535,6272
339,823,41
339,964,0
365,8,220155
40,267,3784
442,806,2724
13,860,49339
942,866,110020
381,961,206803
228,668,103557
20,129,0
20,488,108
182,314,0
20,185,15426
280,942,1512625
442,510,8102
20,899,650
942,1018,55602
38,327,25051320
40,132,30772
482,602,8491937
22,171,57647
586,105,405910
22,531,147212
13,1053,111539
34,70,21081739
829,147,143451
4,672,3499
264,842,688990
359,454,44039
556,556,0
4,252,31125
13,502,4950770
791,35,158788
20,70,0
228,9,2123990
505,156,145361
40,590,840
40,238,2140
40,587,1400
489,442,6958
13,726,2103178
182,323,465039
339,566,315
940,25,112855
374,477,184671
4,501,87049
750,918,30203
306,42,0
339,333,1124
832,726,0
40,471,108410
934,25,2020192
22,495,0
287,9,165806
893,25,802136
112,1080,0
620,25,427069
20,712,316454
4,754,0
22,836,42240
296,1076,197835
20,602,710190
788,604,0
942,774,73812
893,36,4422937
247,450,0
339,607,0
5,151,72885
912,25,6550723
22,383,45473
940,8,12788
221,25,5492
5,450,1350492
22,653,13794
1049,135,1404
343,730,1272499
251,450,436526
4,812,26219
50,815,0
968,762,0
13,92,518592
942,1004,181603
374,8,3725075
419,32,181881
574,605,0
786,789,50933
339,222,20
367,32,0
934,592,34259
529,25,16612
445,28,1094202
839,16,137270
4,67,56443
942,193,189137
442,918,19250
40,756,44314
934,736,2137894
582,1010,76264
40,111,18373
339,79,123
317,454,129347
948,69,520
416,124,0
750,535,5226
574,852,0
206,27,462659
20,595,0
275,450,2895722
82,423,930889
942,485,121539
331,8,0
22,650,228692
416,849,8787
750,574,30033
230,154,54382
918,806,0
82,926,2173534
339,630,83
895,1010,317095
13,567,1062216
13,584,225474
375,756,113040
43,132,12888249
381,812,50636611
13,23,66356
83,181,197321668
887,44,917961
582,574,11016
147,359,80100
124,918,14773
4,341,39610
339,608,212
849,593,25159
533,533,3310058
297,297,1800304
797,32,1392086
5,684,0
895,911,32992
20,238,84
13,332,17098015
239,156,1208735
20,430,886855
820,820,2155420
1033,116,0
182,182,0
1033,790,8055
280,581,155845
233,191,119783
911,82,24529
454,215,0
275,381,18519
297,942,2644536007
782,660,0
20,142,308
31,403,22526
284,442,62515
13,246,704876
22,56,122964
324,593,1264
381,183,86608
339,872,716305
13,353,1793069
339,594,1871
445,1076,629493
374,27,927822
7,193,98468058
604,751,37412
13,846,30248033
50,317,5400
248,9,104632
339,226,0
26,1090,0
20,841,0
406,116,48078
20,1014,6673075
22,704,5321
4,183,46681
20,858,0
339,994,0
1010,806,8168
4,595,9717
934,773,28655
339,977,0
40,433,4700
788,359,67434
356,156,42637078
339,715,84
942,717,75222
454,593,2154
22,518,94378
406,8,152826
13,665,94059
486,381,83828
155,28,1710173
4,164,6725
339,698,104
20,1074,0
966,156,1841801
817,23,35424
942,245,2958177752
398,8,1064356
118,450,385446
445,440,924643
849,359,116477
339,817,0
339,127,0
819,633,145892
115,942,0
339,80,63
934,789,4338500
30,842,5504
1068,842,20215702
50,829,76398
22,69,0
22,667,6854
477,881,0
758,28,1571461
620,105,0
40,991,24990
606,9,779
788,574,0
317,359,95762
304,24,247230
13,1024,29881
375,1080,0
1049,514,0
22,577,6913
381,499,59120
20,842,0
788,16,156681
375,9,4756198
22,236,74004
40,751,25578
574,895,0
467,584,10365
895,582,14909
749,25,23313
20,1028,86446
13,134,15007
251,28,376381
4,771,6791
315,27,30086
297,815,1142
737,540,1971
20,947,1006798
1049,899,0
934,22,963619
359,1058,9110
4,391,5664
524,788,134087
31,1082,39619
817,467,8273
911,829,222060
4,1018,4149
40,623,11809
942,131,38416
926,1010,24930
228,27,293256
13,477,331107
926,253,4143
0,111,19035831
887,157,0
221,9,82548
968,332,34583
1033,381,1166336
324,594,7949
643,524,27802
119,410,949694
942,425,102861
942,357,265114
206,28,648306
1003,8,962186
22,216,6929
13,711,292897
22,57,6913
22,156,0
40,581,65758
13,1028,4102836
800,968,30857
4,443,0
43,473,7980708
713,24,242714
4,1004,45190
926,895,2335
582,147,8178
275,942,9677109
1058,755,0
721,9,0
22,618,48165
445,739,124230
13,1052,2785025
753,28,1130498
339,1002,62
5,864,4334
4,845,6492
31,689,47908
40,452,11225
934,1059,29743
50,147,2851
43,135,16190633
22,100,34734
31,853,37985
356,477,545415
4,876,3948
4,132,23213
632,9,2562
40,755,189103
13,123,1388917
1049,72,0
326,293,20862
40,608,14257
1049,69,1300
297,391,0
13,81,4633373
720,156,24513
205,474,0
942,602,23280
911,294,3155
18,8,466417
22,373,0
5,265,195760
5,987,972873
20,985,1102927
398,25,1015486
839,28,2038535
586,25,1976974
13,777,3449851
381,43,148612
339,410,81
22,410,6929
13,194,468516
1062,25,376661
38,944,5467503
20,945,53924
147,771,0
124,535,9330
140,156,991289
1049,638,84251
643,147,0
40,404,11698
746,156,527057
604,16,2332195
492,25,27143
535,147,282
486,156,2018126
22,391,12024
934,1013,161174
895,294,0
942,1007,14032
918,147,41213
593,546,5668
942,646,177877
339,611,315
445,24,429077
22,215,77859
343,343,1382158
445,8,1134135
4,77,445519
420,16,8112585
606,25,33317
917,8,11762
20,302,3969
942,195,73057
145,422,36820
372,372,0
40,511,3592
942,594,497576
182,167,0
604,788,13514
750,423,104500
339,719,0
4,774,18716
4,84,25135
445,35,670603
339,1018,108
596,27,346271
423,489,2442
13,392,72845
482,567,9236009
974,24,6829
137,27,51823
13,89,428221
968,74,1070
4,214,1051
20,999,288209
339,852,0
1071,442,29752
40,67,60361
917,25,50505
31,272,9232
643,294,0
593,16,12644356
1019,158,0
416,1042,18663
1058,391,62179
1058,604,23405
304,902,277554
82,442,56859
906,16,1599251
30,872,1160
5,879,86583
482,536,133133
482,154,397842
230,191,35563
454,911,80042
13,861,14313643
40,1054,3730
13,293,1718980
942,191,6409351
10,24,257086
317,895,0
381,599,4147
29,300,578495
30,156,11751
40,941,2904
381,755,4089327
275,8,612958
1010,849,923
643,50,8551
1049,32,3811013
115,279,12310997
40,224,6574
467,1087,355589
221,884,1826
467,972,263074
1,942,0
230,32,0
13,705,61654
13,1041,269971
454,416,2218
4,755,3068954
339,732,0
275,9,1764646
284,535,15829
832,744,0
40,616,40710
40,49,1207
339,47,0
893,24,310816
20,1039,8704
21,8,108071
13,267,271703
1049,1014,4553049
300,589,0
586,31,0
819,1032,0
20,31,186068
339,1039,0
1049,43,221622
849,294,2710
13,1074,623251
381,123,559672
643,1010,87757
317,1004,2295
636,225,178107140
817,404,0
535,16,37526821
4,90,22747
1073,327,133633400
50,284,0
20,742,1902269
5,1093,251391
20,218,0
210,27,2410020
642,25,705190
968,686,2463
40,566,125842
4,123,16009
574,1058,12973
22,1036,262290
620,9,1244437
968,923,0
643,1071,792
359,604,2735
217,156,5398374
22,272,7305
529,27,345
533,156,25808805
339,578,0
445,131,14849
40,109,1656
22,364,171290
18,935,1014753
115,7,25704252
43,982,5968
887,1089,3773
942,440,0
1049,688,2753
454,604,0
934,579,49011
182,270,2024
620,1051,1196
887,337,48398
13,1042,1050644
356,361,315551
874,9,862778
505,9,2397937
1058,1058,15868
20,485,170130
445,403,334191
911,643,2916
832,876,14461
20,622,0
994,42,46725916
29,16,16828492
918,911,97367
926,1058,9040
372,9,4890066
192,27,338422
339,341,41
50,524,94969
372,156,4309077
442,16,9327860
339,96,21
356,41,87578
467,474,40473
82,147,7788
832,536,331044
13,253,12287006
38,36,330941
942,1087,35580
40,162,980
40,836,3484
20,530,0
40,536,44078
1070,25,16949
1055,9,0
13,987,70015
4,174,0
13,400,1800049
339,122,20
315,42,2849677
4,404,1082
284,423,85927
40,307,65671
13,1007,1084885
914,279,8354
311,25,372753
19,111,142571
13,804,282285
582,926,6727
1033,688,94414
13,1081,921603
82,1010,279200
217,393,33328171
40,871,3852
22,616,20811
442,643,0
326,9,1081179
13,1038,5665007
753,450,4425869
40,884,4774
642,9,2314835
13,141,110717
13,448,4278728
374,597,275494
372,515,36706
13,676,1784813
1049,8,1107749
381,336,0
454,50,1980
367,355,235072
4,602,3138
829,359,166227
791,815,31540
339,1065,63
13,349,339121
78,842,15291220
4,336,111195
445,525,10084
40,931,980
20,100,368
419,381,56913
918,643,2590
817,185,173
40,695,1190
39,338,2585545
339,836,84
799,27,20222
524,593,1541
968,665,10801
297,25,2294639
839,156,807081
279,8,2996936
4,325,57910
381,982,11666
968,8,0
381,828,387584
832,27,266334
4,405,358615
942,85,59608
359,359,93458
297,589,1051
753,781,18071
926,918,7521
331,156,411900
508,16,6352524
284,454,118649
29,589,0
230,27,608739
300,768,2661366
163,332,0
4,828,3268
4,982,24140
22,984,29504
819,739,20226
4,222,8222
420,247,0
835,1049,14570014
22,986,7054
419,28,471064
356,508,76032
832,421,4305
797,153,0
13,105,61708
13,566,4924685
4,594,1115956
489,788,5347
942,154,3700
19,193,30778
50,454,62781
20,1035,3927
339,1030,0
1071,829,0
381,618,73152
217,28,12205006
228,581,11355
643,324,505407
182,517,0
20,249,0
13,208,0
71,9,633634
942,0,5024
339,190,198
788,895,0
374,536,0
296,1051,0
620,28,114092
574,849,157686
4,618,39960
381,405,50841
192,156,521223
324,1010,16685
839,1091,270296
40,411,70900
575,328,0
374,1091,502526
1058,918,38903
20,456,0
20,650,5384748
339,915,100
912,28,9748558
339,456,60
339,83,0
297,77,929
339,579,109
228,116,717765
13,500,4241935
339,268,41
374,886,2168774
163,67,0
20,553,0
482,793,0
4,215,73097
431,25,46830
13,559,4857167
381,207,0
163,876,0
1067,675,5478
13,853,209061
40,793,22738
304,381,0
163,506,0
13,1043,1002869
29,8,443630
20,467,489
4,191,29062
942,1075,942472
467,93,224611
787,822,0
934,9,4185568
233,8,41845
275,18,19327
40,989,21756
339,250,0
604,317,20926
78,116,106216
613,156,513348
163,36,9441861
13,337,1561449
588,842,78524
533,733,255108
339,111,452
381,42,5020070
11,867,947856
339,191,286
40,69,15905
625,9,13063543
22,621,0
582,852,0
477,506,573
459,28,77232
887,28,317062
147,895,4719
304,1064,7074932
13,441,10619
887,1091,471567
296,8,222831
339,421,120
40,337,11095
40,463,994
20,709,3093
849,535,10352
40,443,2200
926,416,2737
4,775,111337
381,364,778211
1049,519,217436
4,208,46246
819,968,461349
13,591,8920088
118,482,5899
22,969,28256
423,147,22107
1067,9,286322
339,198,62
906,524,127587
934,968,241484
926,926,102964
339,652,0
22,457,107352
275,783,3102
535,294,8126
13,639,2304546
445,589,1556
297,844,0
40,757,44840
467,397,0
1068,379,74406
304,482,0
401,9,1086776
10,28,465911
296,24,265476
13,499,583863
887,897,11893
656,8,9382
5,687,74434
699,9,0
40,809,1854
339,768,0
26,14,0
20,267,0
750,1004,3336
155,8,1989517
454,524,142154
19,756,129638
20,982,7005
13,660,14706
942,207,98752
381,208,0
419,27,4088
20,872,0
4,79,21477
416,546,312
4,915,14360
19,973,117956
18,381,73096
887,516,0
40,555,36769
83,482,6653
575,272,0
13,708,99740
133,9,272949
70,440,0
43,810,3882218
758,8,5467024
509,381,0
20,619,577
217,842,7925067
13,1063,2359648
20,180,93851
280,35,26000
20,377,0
372,28,418375
750,147,8175
13,728,832529
163,675,4816
535,806,37627
339,603,1374
4,500,76319
4,675,16007
738,381,338790
586,1091,833337
40,853,13111
934,8,1150185
339,668,20
11,340,1630854
20,862,241
356,470,0
339,381,0
887,381,343582
339,549,0
38,467,508745
420,28,23896
575,364,105068732
1019,332,0
128,337,0
297,733,0
968,816,0
82,750,54284
20,551,676
372,293,41288
13,812,2267328
347,347,19139
1049,41,0
13,547,225488
13,373,90166
324,911,56424
467,562,104648
5,594,9190
968,412,0
374,110,0
787,25,246812
324,16,91470143
339,616,20
13,942,73100936
297,1064,4198820
749,8,2827
642,24,83506
20,255,16719
163,1091,838147
20,560,7736
893,450,1468707
604,1042,3023974
582,416,0
40,215,44738
20,610,24025597
20,725,50046
505,4,0
832,790,31005
20,103,1520381
297,27,262143
588,27,71198
13,274,356062
40,945,8130
339,998,0
4,997,4675
25,163,4426
13,773,71319
182,711,0
217,16,4219139
217,44,162193
445,404,0
43,272,1852
359,1071,0
374,728,2373611
339,723,0
78,83,24641229
398,83,555335
4,603,27830
339,183,170
790,263,36897
339,452,229
968,285,0
43,497,6958504
40,519,15856
4,633,49719
486,28,2941344
13,809,117940698
40,424,1120
4,559,3110
182,437,3540428
419,8,15626
133,25,221074
593,806,5745
13,325,1448973
1049,381,3539797
934,260,415701
182,337,708802
13,511,131316
4,373,0
791,27,230983
275,326,0
4,996,0
217,42,9118027
942,499,169307
1058,454,4019175
29,238,0
13,951,2832321
29,450,30175
819,216,0
339,793,61
467,67,43674
22,707,21066
284,16,8526512
327,1091,0
445,270,6051
40,739,5314
381,485,82304
842,70,601688
230,68,57743
1071,540,0
381,135,744403
4,166,35365
182,1089,0
398,450,30984
942,364,153271
934,232,213648
4,823,1033
147,911,16397
1010,50,21237
1049,0,23338244
349,942,1961260
315,321,72734
339,745,21
643,926,85185
163,9,9625043
20,85,435
40,838,1120
942,410,743674
406,381,127452
339,881,20
43,364,107835714
489,582,4095
486,581,0
11,635,77136
4,757,12313
13,136,2430375
284,593,14165
1071,1010,44015
40,876,10881
147,582,17379
339,417,183
420,842,25423
416,1058,16801
22,319,65654
911,324,288593
315,181,24590
20,417,76373
574,593,14554
445,476,17472
22,515,61683
643,454,101975
36,942,225445516
339,873,0
381,166,10848
582,294,0
445,793,6745
934,952,149756
19,9,1887130
934,641,0
750,510,10792
1,755,34225
339,51,0
911,593,16013
22,1007,47950
381,675,138460
625,25,94907
968,626,0
1071,16,2347471
21,842,57767
582,895,6952
275,41,4469
423,1071,0
20,503,6516
4,517,35325
300,417,7520
942,881,14432
381,245,226495
11,989,3927712
40,460,1666
40,644,76304
324,582,7135
20,136,0
935,27,140311
13,260,132825
339,473,125
805,272,0
381,677,68093
339,354,21
783,575,0
43,1018,5218414
829,546,3938
934,942,0
339,59,84
486,942,3333
934,570,8245
375,425,585
324,806,5444
339,946,168
736,736,14477575
13,961,2318161
605,37,973632
10,180,4566
797,8,1015418
934,521,0
22,411,7441
324,364,43649
40,57,11923
586,327,1308
206,25,800890
40,861,146751
331,751,896
20,383,492
339,179,141
284,50,0
4,195,11942
593,582,1250
300,337,0
912,912,0
275,156,2521755
918,593,19039
642,156,2025768
359,16,5102326
750,359,70534
454,574,12217
374,404,0
22,58,0
38,381,8709821
324,788,24665
13,543,342193
20,520,3372
372,16,173098
713,8,455163
758,450,1411020
374,519,596
21,264,2892703
26,378,119796
359,906,1920
381,502,12292
22,164,7090
339,537,63
359,895,0
50,546,10621
147,849,126194
4,392,1386
887,793,21421
22,908,30056
1058,806,16344
746,83,0
339,467,21
4,302,74566
848,945,1868
22,844,87718
339,385,20
139,156,205563
906,540,0
489,643,0
1071,364,2777
454,750,2849
347,24,40736
339,1075,420
459,41,0
574,359,22572
339,764,84
13,87,2070656
182,24,260198
1003,111,3653
43,597,4871212
339,551,0
429,9,480
324,926,30108
40,483,15579
1033,24,163431
477,303,17537
450,727,102225
339,123,1071
423,911,7659
895,806,5910
239,450,3342879
22,900,21463
524,294,2706
445,633,1899
339,432,21
374,154,12988
20,119,866
1067,27,6744
423,359,20258
118,9,30164879
1,9,1083300
942,60,51499
20,575,847
942,1084,4928
934,785,18139
13,204,204215
20,640,3151
926,903,6091
381,156,418938
297,573,0
535,895,0
482,951,3366
22,476,13590
43,668,17329697
339,755,349
788,1010,0
339,135,20
5,154,0
934,357,779140
420,24,0
20,313,0
574,918,11421
22,510,61429
459,27,17589
339,993,40
20,361,2997891
339,576,231211
50,423,0
4,364,38999
375,388,338178
3,730,232773
300,262,4158
22,336,68622
1019,215,7962289
22,1081,47321
914,470,616692
155,25,2213783
454,788,21717
40,383,48421
914,298,25488
4,866,65688
29,156,793495
736,1002,12493042
467,875,160298
40,573,10988
230,31,15920522
13,980,8199135
942,497,56188
13,430,5058102
297,789,207684
374,450,372773
339,136,124
643,806,2720
3,24,181282
50,16,80611908
4,598,15532
533,24,780743
339,704,80
583,450,1811639
750,604,0
21,25,322443
643,540,2754
182,373,0
22,350,65086
13,844,3465875
296,957,0
817,31,164417
13,458,21522
40,594,242633
737,279,23173512
1058,540,712
339,924,20
4,323,15776
182,519,18539106
40,273,2925
228,1082,425635
829,540,0
182,897,15499
10,417,0
20,652,0
942,755,58587
40,453,22272
605,9,8196140
13,840,683874
381,98,4672
22,989,6929
339,350,62
22,846,192098
13,131,1334391
13,407,1219969
1,8,301762
604,454,41136
1049,7,28864569
918,906,7307
339,336,181
4,59,4216
22,175,0
4,216,12467
524,926,78729
5,988,377714
887,35,11074
217,32,513672
22,741,0
1010,124,3227
11,272,124748
13,342,12598118
849,1010,126159
13,600,1472606
13,867,512236
230,35,27926
454,829,3825
477,547,1142
416,284,0
582,317,53482
968,696,2092
20,666,0
656,25,17809
839,9,3387051
586,1076,273298
419,24,0
22,480,5133
13,7,2241826136
374,676,510838
934,159,68479
284,524,56310
817,381,98411
582,829,80897
339,81,122
15,381,664262
339,180,1109
445,692,10092
4,884,8004
829,510,22855
462,25,537973
22,253,14882
406,1076,239135
895,317,26283
524,16,6907237
39,482,37066949670
297,517,1959
339,690,0
934,541,658640
4,1065,29274
895,359,125390
22,53,61073
895,324,0
420,83,25002
13,900,961019
968,801,4865
339,451,0
217,217,8570163
339,90,2357
19,27,212932
315,862,5337
4,180,1770
13,213,1839631
241,24,246257
11,751,11568176
829,806,3039
1058,750,2911
315,28,13639521
82,911,27199
13,1065,624191
40,299,31328
887,14,0
482,440,0
163,337,0
416,423,96753
582,1058,37710
230,417,181194
83,430,0
791,156,3044581
935,28,55212456
4,289,0
182,332,0
20,179,1048189
50,1010,74296
799,37,138160
926,750,0
968,536,20451
5,8,705242
25,874,0
791,204,0
13,941,69503
381,608,132704
746,842,53053
40,216,35069
905,116,138972
467,72,0
205,790,0
22,293,169711
339,775,66
420,482,721
20,900,183572
339,609,21
339,784,0
13,298,268627
1049,751,5684
339,1022,100
535,284,485
20,631,18
13,973,4765721
26,718,1307792
535,359,136740
339,218,42
5,320,52480
163,450,2021902
361,156,10302
264,9,484314
22,562,87445
4,894,26763
1010,442,28136
381,1074,56304
40,90,22508
435,9,0
737,903,0
934,922,61709
20,478,0
210,32,293045268
914,842,302723
339,457,63
558,9,417654
4,1079,107700
22,611,133062
4,1074,11873
339,600,164
396,9,20797
339,484,0
339,77,0
284,540,699
374,790,0
787,9,833199
40,388,11478
445,902,6219788
20,577,922857
317,829,17265
40,1035,16333
145,1011,41611
486,675,0
374,16,32790321
13,766,545946
895,147,175630
40,428,7619
365,789,29997
974,27,0
934,461,78567
40,474,23969
327,327,90096686
367,156,18960
1067,156,5490
524,454,164620
82,82,0
398,298,516484
936,25,76093
22,312,6825
381,307,62289
604,510,60040
284,806,19685
147,806,8193
40,1014,13705
228,450,5871689
356,11,0
40,197,1410
533,105,545539
974,28,55640
317,1058,15771
20,815,10228
147,423,6834
934,441,25260
5,922,35566
750,926,6421
4,307,6518
13,894,983138
819,629,7157
18,968,0
339,743,21
13,111,1159489
791,8,1026423
13,164,462402
926,489,26937
228,28,1967689
139,27,95412
1003,25,1625990
574,643,0
147,50,7439
40,410,50246
942,1005,88485
40,191,36513
351,351,24227
22,117,21078
4,246,8980
906,918,29516
133,8,222195
20,1048,46
23,272,868
22,709,7090
4,1045,0
40,541,7915
206,156,105829
40,220,1207
4,623,2078
22,1075,120115
593,442,0
829,788,4074
339,842,93
22,636,0
381,154,0
31,780,4168918
374,897,0
40,599,1659
275,327,40458809
20,790,417370
147,593,10228
604,918,5397
339,1034,64928
20,341,259
296,881,626206
4,630,4480
832,24,263864
942,540,93211
339,272,3550
347,27,25290
486,777,0
839,27,235056
620,862,48943
467,314,96360
40,341,25025
13,183,1539549
163,328,0
339,644,189
914,156,164807
4,660,0
339,598,0
533,900,31891
582,116,1996
13,634,40791
4,513,4308
817,736,105135
38,842,1405535
942,861,716971
20,167,1129
381,252,0
356,119,287004
379,842,6097
367,16,1161091
1019,327,5055023
643,546,0
477,272,9953
819,198,0
791,42,78603
593,895,0
128,28,156949
225,2,0
287,156,23993
788,918,1121
339,181,0
137,8,345462
968,1056,0
381,501,37399
339,813,0
11,982,5624
139,9,1097646
20,836,2119921
21,994,0
942,411,357473
296,28,650934
887,57,269330
30,83,50698041
942,272,21234
22,651,14040
13,975,758035
381,967,252804
467,234,0
968,930,0
173,8,5990
182,28,4958457
20,633,195799
20,289,9585
4,337,3622
416,903,23467
275,30,0
906,489,2806
839,24,324139
13,794,496319
442,911,13395
4,692,0
20,566,7698
339,165,0
477,154,137392
416,911,47115
315,16,16186128
968,127,16542
13,1032,2388089
4,476,0
300,1056,327836
1049,603,7447
829,16,112807
20,154,57926
593,926,33128
620,8,231853
40,984,2270
339,534,0
575,103,204205
339,293,100
20,653,18
217,546,0
297,482,8338
13,981,66613
233,27,120641
280,777,1827598
297,842,10417511
315,25,270164
339,754,21
942,698,9474
912,8,3469094
788,524,0
147,546,0
39,430,7612170
4,751,4683
40,565,1050
934,450,2713929
40,323,33059
20,701,294464
750,911,17716
43,777,77366534
297,739,2407475
22,639,245202
40,629,2170
20,298,0
40,513,5992
533,16,5043940
40,607,16133
381,692,0
359,1010,53552
935,24,155010
848,25,562334
40,1060,3010
20,639,1235609
4,945,2323
381,844,23360
147,918,11048
217,27,843633
783,783,13146
182,814,0
365,9,1271031
22,541,5229
252,968,19375
339,482,1063
31,181,0
753,443,0
467,88,168994
4,488,1388
934,705,266308
372,27,177667
339,672,0
4,844,63217
296,154,1161116
1010,317,46446
339,98,120
31,452,2314
230,9,5871045
40,1065,25193
20,740,71436
13,515,2403149
13,323,2674996
22,982,20651
324,895,3333
445,154,438
4,453,52763
4,469,1033
40,1039,910
248,27,2389
643,124,0
13,528,51210
381,7,424500
820,28,129976
643,317,95642
869,450,5534653
40,180,23016
4,120,0
817,958,7105
934,929,0
832,8,556551
40,62,47076
445,698,0
326,35,37744
82,574,63638
445,156,5567933
942,600,71124
40,384,70353
849,489,41255
241,8,747906
13,999,374417
942,135,111040
374,985,0
13,862,140590
791,902,0
1033,8,74808
20,1052,2342475
832,28,2371533
25,230,2187
40,872,32162
817,482,109883
574,1049,1657809
339,150,40
40,635,3562
381,453,4672
13,859,46663
18,4,329246
374,9,6355464
379,8,80026
124,416,0
20,708,5916
13,821,1332699
750,82,11061
297,1051,5250
22,722,8042
467,2,149678
13,771,255661
817,41,16837
406,27,34379
5,138,14375
275,751,0
604,574,8615
339,383,126
895,489,2057
13,818,585727
40,302,53623
582,50,17262
124,454,91278
20,184,0
848,24,159853
1012,1080,0
217,8,1765875
38,334,3568470
486,178,3945
489,50,0
217,510,0
20,817,226466
758,27,292338
40,1075,176740
280,8,8705281
339,602,20
15,1080,0
374,349,0
1010,359,127602
604,829,31542
26,407,153139
1067,8,12031
445,751,182594
582,454,115082
275,154,0
155,9,5874908
14,270,0
509,638,781652
22,723,52872
13,899,1877596
375,449,534674
339,550,0
942,677,99121
738,994,293603
31,996,5155
849,926,79800
4,794,2108
82,317,11769
147,147,7438
1033,581,0
1010,16,4894736
524,895,2714
339,332,42
489,574,60563
20,833,366670
306,156,246751
819,1028,477160
423,643,0
454,926,0
20,487,404930
13,303,187496
22,945,37332
22,827,207398
1064,158,308992
275,417,8364
381,1018,64732
40,801,4922
790,576,8752013
911,524,254490
317,918,79381
439,25,61134
442,213,0
275,817,16526
13,858,773237
339,615,0
230,349,7412
20,318,460147
13,122,248984
966,9,12113250
918,1071,0
914,942,794163
367,28,2078528
356,942,9889529
369,2,11124218
586,32,2094029
22,353,0
297,24,873946
4,985,19507
942,989,32784
20,962,25
4,862,9031
797,169,1624784
381,1004,40595
18,9,2272730
20,253,433604
934,99,80479
70,381,0
21,477,65146
13,808,2512533
22,180,24825
16,1066,518195
574,82,42469
535,416,0
300,516,557260
317,750,25177
406,156,1096992
339,555,321
20,693,805120
40,728,17670
182,16,3665862
13,240,1153502
22,676,57255
20,340,0
22,245,6913
339,814,20
381,132,106133
20,751,323
20,183,8
381,1075,42352
13,43,1716276
699,8,2573
147,540,0
574,317,92302
22,204,183050
4,652,1302
22,181,45411
829,1010,248215
832,323,294619
535,510,50516
20,881,369716
820,9,1014654
40,303,8180
4,1075,278495
0,1075,127306
535,293,2399
13,60,1789324
934,320,283856
40,868,20553
22,1038,7970
374,789,597981
4,387,1525
17,272,1157
20,599,162
1055,8,27903
1010,829,13153
13,168,244268
278,8,94405
643,416,243
230,793,0
533,28,1126924
300,1015,8864
5,933,11340
365,597,4738
22,388,14040
934,847,55615
375,440,0
233,156,871380
359,391,0
445,337,0
163,668,238968
13,1075,14304428
11,425,530748
533,8,1372624
326,450,0
317,82,6362
40,154,5408
372,35,1454928
297,1084,0
339,861,267
13,417,4973893
339,476,168
4,519,1517
43,978,18347050
29,25,455494
13,885,2058121
339,756,200
317,593,2419
13,388,731516
467,589,174793
20,600,12096
105,8,259975
40,110,82938
508,629,257812
22,739,14039
829,416,581
40,1007,15120
750,1010,60872
339,803,21
339,780,0
829,1058,13168
147,604,0
297,327,2556469
829,849,0
22,837,0
926,593,2039
40,660,2780
442,895,0
233,16,254973
887,385,6304
524,524,75199
372,8,663420
1061,381,76256
4,110,17204
339,253,40
558,156,13483
420,450,117660
904,8,2102
300,469,6976164
1058,788,84573
1058,82,14896
942,89,0
339,853,1575
13,238,22468204
339,840,40
604,1010,39039
20,342,4317
737,7,9835548
13,1040,29487
1049,675,11108
450,8,504098
205,156,1728090
40,654,15744
20,937,22
275,339,30340484
296,16,10669976
13,256,21891
40,1042,21751
849,454,116061
173,25,21929
942,298,4656
820,27,32841
374,266,0
786,25,38729
20,410,25457
124,582,0
819,963,15864
1003,450,27438
206,381,1295026
381,774,97216
304,14,0
20,353,711591
467,612,15526
147,643,0
524,911,155682
40,1051,24184
356,339,183231
40,1015,4919
297,215,7438134
375,27,294090
489,911,101482
15,27,63859
4,122,2166
339,485,338
13,996,57044
4,740,6386
78,381,43630
454,1058,10052
817,477,126159
4,821,23946
914,1051,0
942,1002,18818
13,428,139452
524,50,77944
23,33,5225347
275,277,46680
339,792,20
153,25,45689
275,36,28184047
819,528,4250
1067,25,38927
586,477,236950
4,591,568514
604,750,8456
13,1090,224702
918,16,2665920
736,154,6073790
968,333,6101
128,1049,4953824
284,788,117928
767,156,1280919
582,806,971
339,688,0
40,417,60857
375,28,2008581
20,152,0
445,39,1951572
339,328,72
20,871,464498
22,718,7002
912,9,485882982
297,294,0
40,214,3172
817,7,518542141
934,617,78012
486,514,1158
1010,294,5412
356,1076,41258
300,763,1826
230,1051,0
4,975,43050
942,180,271233
339,511,0
817,181,124356604
359,918,7412
442,423,47338
874,514,0
918,750,20707
38,805,5965664
1,42,1274443
247,156,1850
934,134,12933
829,489,25455
356,37,12770
934,153,2927
13,970,199292
1029,8,32389
217,482,50262
365,28,689222
284,829,46263
367,9,1014238
40,598,11217
40,675,76346
339,404,0
13,193,272814
467,855,868221
445,14,32438
13,793,534300
459,9,215465
467,288,7090
748,1064,3733314
4,1015,0
13,270,874867
5,25,1417545
22,967,80366
321,381,3134520
20,226,701989
315,482,7139
40,164,8214
5,363,15288
20,188,0
40,421,27473
300,458,0
155,381,903195
535,574,29597
339,195,107
40,1004,26299
13,570,21715
1058,906,4673
40,528,2820
297,514,225467
911,16,18945979
22,460,18923
4,984,6718
217,31,0
829,284,0
280,994,0
22,619,6929
372,179,45438
13,756,4320756
147,294,0
416,788,32198
206,942,913959
596,450,438235
82,524,2856
339,44,0
182,403,2206021
13,291,195922
26,27,99025
70,985,4521
4,382,58462
40,120,2904
315,602,249744
788,510,5857
5,395,261253
582,1042,11074
22,511,37787
13,929,382892
13,525,597446
339,712,310
926,849,2003
13,329,128282
13,982,3214509
124,294,0
829,294,466
13,381,238566389
275,279,0
593,423,1332585
750,364,114361
381,1065,10018
13,159,69099
374,812,3538486
182,525,170764
374,156,2947411
1049,44,6809
25,374,2205
819,467,119306
398,575,59453
22,789,23516
18,119,44244244
4,881,1750
11,760,2112430
40,784,1335
339,325,42
574,906,0
124,829,186565
205,28,3439320
339,1032,42
643,906,17640
20,208,47240
445,266,2789
22,298,0
317,284,0
849,582,40307
486,42,120185
78,791,0
829,643,7305
582,442,49766
13,608,793391
942,340,224448
233,28,171696
942,166,79872
40,507,4780
20,84,0
20,853,88048
911,911,278813
4,717,31626
40,312,23999
966,27,1099195
4,993,36290
976,28,244829
18,152,159105
895,125,0
533,468,0
339,591,760
524,849,16212
574,124,0
230,156,4486549
5,168,194747
315,842,626262
568,154,276907
30,386,16942
926,510,5404
339,650,189
13,483,944985
788,317,0
300,57,620570
13,947,2885153
30,381,56402
423,16,1082033
13,602,668702
381,594,13832
1003,70,897321
820,8,190671
13,438,54340
20,252,451090
381,717,103732
442,750,5708
420,42,1931180
593,324,0
39,387,3724140
393,25,460809
4,298,1430
182,1060,547406
22,433,58416
339,405,168
906,359,14929
280,116,6212028
791,482,77041
284,510,9058
820,156,25115
13,523,645441
13,921,1516938
968,678,0
797,27,225070
304,70,0
1049,507,0
934,958,0
508,945,0
40,269,20915
40,652,2688
339,299,84
20,541,142272
13,507,358151
4,941,0
25,304,15528
339,662,0
942,553,9344
22,62,42948
575,394,1471
486,193,210190
22,464,32164
20,231,0
339,731,40
767,9,2285139
22,252,33873
22,946,117493
296,156,32052
19,24,284443
25,750,0
791,812,41330
339,1000,0
78,482,659557
306,9,232392
968,323,68996
1071,849,0
339,1056,123
423,294,0
918,124,0
22,305,0
893,245,0
339,1083,0
491,8,116246
465,25,60955
147,317,4276
4,852,0
839,839,0
304,519,0
40,731,2365
300,514,261
445,942,57638
1061,28,28484
835,12,143528
339,323,142
339,91,0
82,788,63691
1077,450,292885
128,405,61378
275,46,79804
78,834,1295285
22,448,53866
643,1058,4869
22,143,0
459,8,125898
4,45,1082
20,111,1457
583,156,602447
40,33,1498
339,618,86
296,132,0
736,576,1760358
895,82,3366
311,8,297166
40,677,22178
11,400,2158614
82,454,49758
1058,911,38381
974,9,34741
942,36,4976
4,471,771917
788,540,0
128,9,1451755
442,359,7682
339,360,60
454,359,87450
1010,926,37335
3,28,99491
22,68,0
43,499,5562271
381,79,66560
339,1045,0
486,546,4304
182,41,9003
419,156,44052
934,657,84193
1033,27,35963
423,324,2180
583,27,15402
43,485,183555027
22,414,15324
40,469,16786
13,956,3472507
339,876,0
934,934,3795789
13,394,596858
217,787,0
643,391,0
13,427,640798
887,156,3039826
22,243,50358
849,806,21351
40,59,30492
604,489,3986
70,382,0
206,842,305441
221,24,0
917,1080,156823
1049,119,6081677
1071,574,2847
829,903,841
50,489,44953
906,750,61107
7,573,12461
593,1010,21054
297,156,3940222
968,955,0
359,643,8875
13,988,220471
20,994,0
1077,508,83589
1067,28,160371
20,609,0
339,447,20
887,789,825157
70,417,1156458
22,894,50400
10,8,757615
20,102,0
155,27,512052
1003,156,710555
20,614,192
13,198,3581617
13,675,10809081
1019,575,27003
423,1010,127385
339,961,42
20,368,11786
942,633,0
817,272,4657
128,482,1357622
574,442,45391
13,1045,60820
948,450,308468
22,514,4805
935,636,667330
22,55,0
574,540,5521
13,195,764028
221,789,89646
736,2,2533642348
13,1004,912176
40,158,8036
4,131,4938
128,668,1198153
339,894,40
22,547,27648
317,442,412
465,9,2057
750,524,15290
40,425,22235
20,57,272148
115,381,877
40,840,10904
4,1082,55639
13,0,6349803
968,982,6754
911,604,2435
582,124,216
14,519,115939208
40,734,1968
582,918,36109
317,147,42374
791,270,1875
934,684,0
22,867,21089
467,1009,51502
359,593,10348
182,1090,3374
296,9,1714585
4,483,4062
895,895,6953
31,428,6732165
339,266,41
40,894,39921
375,252,0
22,942,8450
1071,926,3461
4,991,47736
13,197,76514
13,320,189564
43,191,408035958
381,603,82032
147,535,2855
420,809,94745
420,9,3230
40,548,4773
241,450,723606
459,25,179147
339,242,0
839,1080,471
914,8,168548
317,16,41983269
942,433,4801
849,317,20686
264,942,71331
339,146,63
911,317,7114
22,861,81541
1058,124,0
326,156,438671
13,740,1880813
297,876,0
304,183,8943
462,8,124745
914,24,85015
482,476,152903
34,756,33514678
339,201,84
1003,1080,0
13,1035,994003
339,1026,0
13,997,1884181
5,219,70838
832,482,288220694
315,83,0
4,338,70975
339,923,84
917,9,369
942,202,9474
819,897,9577
620,156,975533
22,292,45255
839,25,1371608
339,572,0
156,272,7413
233,9,478738
300,198,33202
4,60,1416
38,7,471547161
233,24,110698
317,1010,148144
848,848,7863280
22,808,0
508,272,0
874,25,443406
750,1042,59687
339,373,80
119,272,1335
20,76,764622
934,727,2794
21,105,722556
11,1007,7804770
284,147,40184
883,349,587506
787,27,374613
6,70,2682299
38,508,768937
0,616,0
1058,1010,101847
39,1002,15235627
20,654,1572112
683,8,56285
22,325,49392
13,884,314337
5,1092,22618
230,381,0
911,574,10175
462,156,13530
339,319,0
40,812,44017
5,92,98828
20,698,645534
356,70,348391
339,1035,100
339,554,0
750,750,0
339,109,20
46,28,7140175
934,765,71411
934,146,441378
22,344,175180
339,1038,105
19,8,180453
482,525,0
4,709,55435
70,584,0
13,471,4472774
304,83,1664098
40,563,1065
5,279,0
13,444,323761
13,1021,16439
393,393,3117
206,450,0
324,489,17721
339,777,404
0,942,301718661
423,416,482
339,772,21
1049,1076,519916
339,947,21
284,600,30692
934,371,129656
829,574,83820
968,997,4833
467,1008,11885
22,569,19727
683,9,252
306,76,453493
339,700,0
359,510,4585
22,405,97650
339,62,83
40,95,1260
656,9,0
20,565,0
40,131,21626
4,511,0
934,498,8620
381,340,4912
3,16,5629001
642,294,16231
829,582,0
22,995,29768
40,87,39832
277,1007,74493866
339,851,20
182,1036,14952
339,269,20
38,23,615268
40,468,9900
339,740,82
40,600,44004
467,407,171953
4,340,75894
918,324,13105
935,450,25130414
128,307,1455657
217,1080,0
339,168,0
374,42,0
118,32,58444
942,728,178480
934,836,412
524,510,11253
934,543,159340
1062,8,286869
22,218,93614
20,624,8673
524,906,11699
20,257,335
25,155,4316
4,766,0
1003,24,715828
926,906,0
1010,284,681
128,8,151283
13,833,4932546
40,495,14546
192,450,211095
13,33,40309
454,582,22444
40,520,40024
1010,540,0
26,44,0
163,294,6608
1033,28,132544
359,829,69504
934,504,128146
147,124,2814
13,85,2941378
486,280,29756
339,610,147
529,156,382
934,806,0
339,449,0
13,190,2663513
533,1080,0
182,923,0
746,450,3759813
737,215,658406
128,12,614631
4,51,1745
20,728,0
20,549,119566
4,818,43176
339,901,0
942,984,14288
163,307,9951
416,582,5749
13,731,2164
5,682,18320
797,1080,371
301,1076,9337378
968,1020,0
574,829,197950
40,999,20337
317,489,5386
435,8,17304
339,759,63
339,60,63
406,28,309203
532,8,14814
1064,103,6808
31,823,2654
339,975,20
954,9,0
375,34,16361483
874,156,85801
450,450,0
817,698,8814271
38,800,187713
381,818,81799
228,294,0
359,317,1994
13,117,36650
13,314,665103
70,340,0
445,844,0
753,520,17661
416,643,217
381,67,13828306
372,25,1278065
20,562,1072451
38,817,480129
942,566,1093038
829,1071,7438
275,625,19548
22,540,53982
22,923,141337
1003,9,5119646
31,120,58445
31,794,2297
942,1065,81089
648,8,28189
13,868,496405
869,156,503814
535,524,80980
423,750,0
365,83,104982
18,147,0
20,1051,351224
339,1078,0
300,519,0
339,327,139
20,305,765
7,111,26489302
4,858,922
1058,593,4275
13,991,1667120
4,1014,4500
416,324,0
13,258,2934401
13,852,401122
182,303,0
926,540,2934
22,289,29236
13,937,155122
887,41,14210
942,668,108640
22,633,78442
1003,27,356777
43,844,471178342
22,403,0
25,71,4424
4,63,0
105,25,453424
20,303,0
144,25,172356
491,9,144960
20,224,0
4,452,1840
38,263,39432
604,849,2475
791,193,181937
128,245,322506
300,266,16928
817,800,16124
529,8,13525
13,413,62986
40,921,24388
356,8,11274475
301,842,127102
40,400,23397
976,156,2369372
942,740,4976
375,381,35675
4,253,1085
199,8,57655
906,50,38653
296,968,0
586,300,228610
123,942,1435
20,471,10203
40,789,10914
20,956,3933
20,266,0
381,272,14130
182,589,73381
375,25,1042351
942,130,14387
339,281,42
228,8,553384
791,711,0
467,54,15206
375,1017,21104
21,73,0
593,294,0
613,16,75747
22,1047,14158
381,616,246240
13,993,1416762
848,541,0
82,294,0
147,1058,35518
20,868,864
398,1080,155437
820,24,62607
906,926,0
13,80,11009906
797,369,6378
20,901,6724
381,452,1200
38,22,679416
306,973,30233
911,423,630007
22,408,0
40,595,5673
968,542,0
339,939,60
31,852,15591
20,1088,94
13,12,184975884
13,166,1764423
533,27,34589
40,60,24170
1058,50,30872
40,821,33612
467,655,134921
819,983,34448
381,598,110752
375,450,263143
817,263,22911
20,51,0
41,204,218691
20,517,8760
942,382,118571
40,348,700
28,217,26958
40,602,16478
934,1053,168588
339,571,0
22,471,76254
4,1084,49325
416,489,0
297,270,3123
13,405,4071334
4,272,7802
445,44,252369
398,103,0
4,258,121910
105,24,361051
13,214,57096
445,193,317938
40,436,6636
20,388,1029
20,616,4346
13,603,3610492
849,423,11870
911,454,62283
297,364,105730
586,41,0
40,190,38460
832,433,40960
887,450,471322
20,259,8497
39,901,2562451
147,442,0
895,423,32530
374,177,24113
339,68,0
13,638,5788866
533,73,8421911
942,812,50401
13,698,12888830
489,489,0
13,1018,930719
40,107,840
228,156,1501955
17,756,33211411
182,154,1173395
297,450,53684
381,1084,0
4,793,3523
423,895,0
906,1071,6243
13,196,586239
22,1063,170169
582,489,132459
797,797,1925020
4,111,17804
604,423,83334
339,292,0
5,1086,808489
40,328,3024
339,519,120
454,535,0
1029,25,30720
839,450,1104923
40,1018,20208
324,750,816
416,918,36428
423,82,4138
1049,36,41770514
613,942,151201
26,156,299353
29,525,1427620
1049,382,102928
40,136,31884
315,8,74404
753,27,497003
339,335,0
20,404,149874
604,540,1380
339,171,42
359,535,0
40,45,13098
40,97,1035
4,1052,70287
13,443,142865
535,324,6022
489,750,17001
365,25,268058
753,753,301326
604,546,3358
339,487,63
906,423,142591
40,100,6313
533,1021,0
280,600,0
934,156,1088773
533,25,1697703
43,677,4418359
895,524,65527
832,179,38793
13,521,102942
817,450,47915
942,871,11419660
15,28,339402
339,477,41
401,450,514639
832,519,2424327
22,947,151419
50,593,7018
20,1069,6071
339,1043,21
593,416,0
300,476,60279
339,828,62
13,79,1779512
339,805,21
367,367,18431
339,427,100
374,116,137634
934,971,110522
21,805,13039120
128,688,0
210,450,3961756
926,16,15038475
13,312,3572629
568,303,87738
914,9,943509
13,669,31651
359,911,46711
445,674,0
968,555,0
467,968,0
968,577,0
40,196,15810
467,136,21953898
914,337,167603
535,849,0
1010,403,0
398,116,26891
401,27,63653
482,589,82108
942,252,4656
339,1054,0
22,760,15296
4,57,2856
574,1010,183819
205,36,29209028
163,983,149469
20,196,20
22,927,50358
829,317,41081
241,25,1243251
4,668,1428244
4,474,7979
339,567,0
1077,339,6210
339,573,250
467,346,5058
40,577,2977
324,82,27909
356,22,0
106,25,13991
736,272,37752
906,510,7810
22,385,6810
324,849,0
829,751,8877
43,502,208772
934,669,94908
37,46,224380102
29,24,300141
233,482,0
797,24,649084
20,827,13777
40,668,69374
339,490,21
365,24,174357
13,965,655698
13,618,1532588
43,1005,5594380
38,41,27612760
163,846,0
4,425,351601
454,423,4179
40,547,7402
163,24,1196912
22,634,24822
31,789,68838301
22,436,75391
416,535,10827
593,788,0
339,440,0
339,1007,82
20,808,1273738
25,797,0
489,926,20037
942,1035,9408
4,1083,0
339,453,20
128,381,2321713
1064,275,0
20,953,806378
1071,510,2698
20,484,391188
225,272,0
750,317,7722
40,174,1159
737,298,0
40,447,20010
339,338,126
339,540,80
20,1078,17576
126,736,189248
811,25,49522
339,548,0
575,541,516
746,9,3261333
750,294,5420
4,999,4175
849,918,40097
533,789,212116
13,573,813762
22,235,14199
3,154,317512839
13,630,1046480
349,42,862106
905,135,80224
942,991,67292
339,204,21
918,849,1645
934,988,78790
241,9,4039691
753,515,0
918,510,0
13,984,55480
82,324,53271
40,517,18446
13,404,441814
942,84,27275
372,1080,0
22,519,66184
147,829,0
482,881,536
29,433,47236
339,809,357
974,25,20543
374,567,35364
416,604,0
13,542,878116
18,482,5549
13,778,46193
339,402,0
339,968,1123
20,1030,623528
297,337,0
420,25,0
13,1082,1088863
40,1017,57059
43,67,40150622
20,292,25
942,83,0
524,324,0
934,1080,155436
13,876,461757
22,382,91718
13,17,23360
467,812,24053
140,9,7926246
842,994,0
936,8,28930
306,245,0
13,519,973623
40,540,64329
1077,1064,0
4,634,0
918,359,94376
535,546,11190
339,702,0
375,1006,4172
22,1052,59857
39,488,7592481
832,468,48600
128,638,0
20,272,872475
574,788,61668
275,25,997656
20,364,16996
20,736,84
331,7,6035786
230,272,2862350
22,387,7086
535,604,0
217,600,23735
13,421,830167
942,567,4801
1057,25,324601
128,675,524
22,728,19228
339,170,0
4,388,1037
13,120,62810
491,25,92287
20,662,3056
38,515,81180
22,830,125036
339,638,2045
22,96,125056
467,528,0
596,9,2042580
375,169,0
13,158,244195
124,489,28285
339,514,20
4,836,930
911,918,45873
40,698,50063
22,581,221731
942,1051,4889
22,991,36392
11,33,251080
942,500,121552
339,414,21
489,806,2724
147,524,2089
280,688,0
40,1043,16309
40,51,2228
906,574,70502
5,877,36290
482,1091,106593492
163,8,1448214
10,25,867782
832,25,1107398
374,24,1235671
532,25,10168
942,1091,520664
13,84,141386
22,985,4954
445,823,7294
20,573,63580
29,322,0
20,861,16603
758,37,13414
942,468,169010
22,467,0
968,947,8831
163,28,8491356
934,796,228933
942,520,723792
1019,8,0
6,756,32678372
442,546,0
311,9,230226
29,949,20536
13,467,405295
746,32,0
934,943,71391
374,314,0
817,67,122923
182,739,111064
26,519,6171558
275,37,145336
849,829,20341
39,378,7200188
604,906,0
800,2,48921717
467,629,11732
849,82,15011
327,1019,879
467,244,0
182,833,0
445,179,1567
489,546,10413
1077,28,2302
205,450,3083891
361,272,0
82,50,7482
297,339,0
574,1071,0
182,131,41351
82,540,1377
182,103,0
70,34,43426119
1019,968,147994
13,922,3073
22,502,134064
22,821,55345
22,771,82068
31,433,0
13,579,151976
306,1087,469
339,821,81
459,156,144016
113,156,29957
20,62,397
20,884,1715
906,895,0
20,77,2729
304,31,541874
339,388,80
280,1051,21587
13,69,1001734
82,1071,0
911,1071,7438
280,381,4774260
926,604,0
13,968,160503
849,540,1366
128,433,0
13,103,25920259
906,1010,112043
445,661,780
50,600,1910929
280,450,834470
40,364,78568
206,327,4168895
275,545,1806535
147,82,34187
339,862,0
720,9,845304
10,9,1938809
13,77,1406383
832,57,29177
22,67,190056
264,1091,179963
582,359,19078
20,246,778
1072,8,100682
613,9,142527
264,805,3250400
416,926,60565
124,849,9511
275,567,760224
911,582,4994
643,442,66781
720,28,290401
670,1080,2915
906,806,3715
620,42,421698
1082,156,4205
849,50,2393
4,1035,8023
1058,510,29722
339,270,0
442,1058,19590
217,450,6582410
1033,9,590867
22,970,159442
1071,806,22242
486,27,288010
4,273,0
604,1058,28595
339,640,21
182,611,0
4,198,2260
968,611,72540
4,473,12078
535,829,23359
22,876,22352
217,914,0
339,110,1953
50,1058,406
467,149,20333
22,390,0
4,440,4156
849,416,3794
659,28,0
613,27,2734
7,942,37632442
737,1049,56840
604,926,61917
339,858,42
40,665,1696
22,341,20380
20,332,730472
372,193,578993
535,423,1040224
20,707,18
4,967,231559
40,937,4218
339,172,0
374,381,225835
23,70,21712229
13,289,130460
887,253,0
535,535,14878
942,619,67811
50,806,2720
22,130,35486
4,303,1051
13,59,630900
524,147,61799
22,520,116633
419,9,218333
906,294,0
4,85,29000
284,1058,5095
13,235,171410
406,675,352989
934,190,274794
613,0,0
1010,593,5950
41,525,5969
22,956,63034
13,357,4038916
339,850,0
934,879,296458
1049,35,117851
4,430,8629
20,894,684577
20,116,1463
40,790,64449
128,25,128543
586,156,122675798
233,25,302096
934,467,4313712
22,693,114528
533,994,0
20,828,186
13,757,4699383
40,246,25718
4,495,22157
280,25,4151214
339,289,1855
934,760,0
139,842,937025
40,178,2426
22,281,92830
26,450,31907
163,653,71818
4,638,86079
406,406,2777376
22,566,63954
21,24,59103
128,0,578500
454,454,136829
339,103,63
22,742,112428
887,433,0
365,676,0
13,715,442732
3,409,0
20,348,19150
375,751,47561
934,1046,49644
40,202,28228
593,1058,2037
140,27,448681
275,403,0
22,482,7498
83,577,158527
606,8,9244
139,16,33169411
482,272,34682
147,1010,70936
1077,817,37550
40,6,2856
13,866,2157842
22,1014,35172
155,24,1653867
914,28,735688
486,32,452210
5,579,1349
20,501,9451
339,207,41
182,488,2968990
339,619,120
324,535,1149
381,638,0
533,751,576046
324,510,5396
4,87,11830
878,25,0
13,592,92644
467,804,202180
746,27,354104
1058,324,5789
18,156,51139
22,915,7477
445,116,0
393,884,248502
339,313,0
351,755,101183
968,386,32765
339,846,126
942,821,101640
339,569,61
147,1042,5537
339,845,40
40,104,4922
163,1080,0
29,488,33947
0,216,32453121
462,24,102424
13,872,3725436
40,283,840
163,16,5756330
40,500,50387
533,450,1693493
163,942,4032569
895,574,5317
20,1032,1064003
489,1010,92545
372,751,532777
799,9,190735
38,450,493831
1077,16,98616136
4,899,12888
381,921,0
13,395,49398
637,736,1271020
278,9,539849
942,885,143470
71,8,282876
78,751,252066
643,510,12708
339,830,0
604,524,46190
416,750,20333
1049,193,5206
942,591,335944
339,561,72
13,1046,441948
486,135,0
339,148,320
20,857,6356
968,342,26536
904,904,20812633
4,179,4512
462,9,132373
625,156,0
848,8,188250
339,224,0
582,593,39630
339,444,43
423,317,15364
535,82,19117
13,520,1058644
241,968,1121
205,9,7011151
750,50,0
13,807,111960
942,777,425503
926,359,223428
966,450,442581
829,750,35884
40,798,3762
39,198,15498346
356,4,3064
365,27,18279
746,16,250557
381,899,105533
467,111,14163
20,598,449
13,785,80385
339,684,0
339,282,0
133,1080,615
124,1058,393
849,849,6491
4,269,4328
13,495,887559
489,510,14241
753,569,0
893,28,2174208
750,1071,2455
482,739,0
849,1058,24711
586,27,157987
491,1080,15687
339,730,2235
593,454,12227
40,408,5714
524,546,2678
339,517,42
82,806,469
22,897,0
1049,855,1386
25,217,0
445,1080,0
942,302,104768
50,1004,1724
4,202,10604
13,72,1014324
942,338,161538
4,520,528858
535,442,64639
20,310,0
750,788,64047
40,130,7684
489,849,10507
315,105,0
137,28,1640883
339,742,84
423,604,0
934,752,175681
20,204,2065710
13,672,239599
40,1084,37350
1049,364,1676005
22,328,12616
280,280,24594593
5,186,28113
15,1076,0
911,1010,232030
643,359,235447
339,760,40
776,493,2913996
124,284,0
423,535,45175
22,453,15940
40,213,70986
374,688,0
339,156,42
5,641,135526
13,45,417913
750,16,11564193
22,629,14842
40,222,16532
339,312,0
20,307,8835
296,240,138621
275,275,2342289928
40,403,26630
381,520,4768
359,442,1648
192,9,5813752
1033,180,158462
976,450,470003
4,619,7332
791,450,3636318
454,849,0
296,25,235732
22,553,108483
22,501,98618
642,8,254155
83,790,71308
22,640,67836
124,806,10888
13,595,416161
450,25,768550
359,416,2722
339,121,0
34,179,1416331
20,1063,3161613
10,156,1930818
829,918,79715
339,692,2048
339,739,0
374,28,1663277
119,562,246126386
20,200,11022
20,990,0
217,298,553495
934,1041,451632
20,164,2707
381,382,345321
339,649,21
1049,156,6595301
128,450,477987
934,812,1103839
339,502,80
22,313,33413
22,585,69840
1058,317,17238
300,941,7434
758,156,1413766
374,374,17286
4,777,28189
20,215,6859
40,298,1055
445,364,8574
4,313,3091
339,430,41
942,655,31146
13,180,1651992
40,775,9428
18,16,4192359
5,329,0
4,861,268819
1010,546,935
7,272,0
753,381,0
300,433,17586
1049,789,46180
192,41,945782
1057,8,183307
508,336,12769
13,843,82423
304,327,3693437
1077,22,15559
13,440,1206110
486,67,18234
18,638,562279
22,890,77592
13,403,1576615
942,312,18931
306,24,47689
659,9,0
228,381,431602
317,50,5328
339,64,40
508,979,473657
942,336,197680
339,1023,0
20,581,508
40,23,1278
926,442,32324
372,70,139238
278,27,16300
22,428,17538
375,70,1124841
22,110,141218
381,777,2178193
339,258,201
22,123,0
339,237,21
40,988,5928
40,116,82590
15,25,453221
22,862,42527
347,381,29505
163,842,4472
40,249,880
182,266,42157
25,533,6462
4,394,6681
369,557,33044
895,849,0
593,574,25078
817,312,1730
20,923,2291
40,852,11074
22,1017,27812
29,1047,0
13,646,2201814
942,623,33468
381,195,46285
5,467,608746
31,408,2109
482,1007,0
153,8,47342
819,882,51942
942,956,81140
112,8,15792
574,574,14301
1058,829,9898
942,391,37696
486,116,51823
13,712,846282
304,403,0
182,506,0
524,755,341578
576,934,17284
339,538,41
339,167,357
4,266,1318
849,643,0
934,32,4603599
317,423,15747386
40,1022,5148
968,985,39924
124,423,113774
13,460,65462
918,1010,361401
29,1080,0
13,1059,30433
275,264,13840
331,67,0
13,1079,2479877
13,328,651061
482,403,4096
5,412,45000
22,237,31952
593,510,5400
13,517,2437593
829,911,327276
849,442,6983
300,253,0
